========== OUTPUT ==========
Cloudlet ID	Data center ID	VM ID	Time	Start Time	Finish Time
1000				2		1		50		0.1		50.1
999				2		2		50		0.1		50.1
998				2		3		50		0.1		50.1
997				2		4		50		0.1		50.1
996				2		1		50		50.1		100.1
995				2		2		50		50.1		100.1
994				2		3		50		50.1		100.1
993				2		4		50		50.1		100.1
992				2		1		50		100.1		150.1
991				2		2		50		100.1		150.1
990				2		3		50		100.1		150.1
989				2		4		50		100.1		150.1
988				2		1		50		150.1		200.1
987				2		2		50		150.1		200.1
986				2		3		50		150.1		200.1
985				2		4		50		150.1		200.1
984				2		1		50		200.1		250.1
983				2		2		50		200.1		250.1
982				2		3		50		200.1		250.1
981				2		4		50		200.1		250.1
980				2		1		50		250.1		300.1
979				2		2		50		250.1		300.1
978				2		3		50		250.1		300.1
977				2		4		50		250.1		300.1
976				2		1		50		300.1		350.1
975				2		2		50		300.1		350.1
974				2		3		50		300.1		350.1
973				2		4		50		300.1		350.1
972				2		1		50		350.1		400.1
971				2		2		50		350.1		400.1
970				2		3		50		350.1		400.1
969				2		4		50		350.1		400.1
968				2		1		50		400.1		450.1
967				2		2		50		400.1		450.1
966				2		3		50		400.1		450.1
965				2		4		50		400.1		450.1
964				2		1		50		450.1		500.1
963				2		2		50		450.1		500.1
962				2		3		50		450.1		500.1
961				2		4		50		450.1		500.1
960				2		1		50		500.1		550.1
959				2		2		50		500.1		550.1
958				2		3		50		500.1		550.1
957				2		4		50		500.1		550.1
956				2		1		50		550.1		600.1
955				2		2		50		550.1		600.1
954				2		3		50		550.1		600.1
953				2		4		50		550.1		600.1
952				2		1		50		600.1		650.1
951				2		2		50		600.1		650.1
950				2		3		50		600.1		650.1
949				2		4		50		600.1		650.1
948				2		1		50		650.1		700.1
947				2		2		50		650.1		700.1
946				2		3		50		650.1		700.1
945				2		4		50		650.1		700.1
944				2		1		50		700.1		750.1
943				2		2		50		700.1		750.1
942				2		3		50		700.1		750.1
941				2		4		50		700.1		750.1
940				2		1		50		750.1		800.1
939				2		2		50		750.1		800.1
938				2		3		50		750.1		800.1
937				2		4		50		750.1		800.1
936				2		1		50		800.1		850.1
935				2		2		50		800.1		850.1
934				2		3		50		800.1		850.1
933				2		4		50		800.1		850.1
932				2		1		50		850.1		900.1
931				2		2		50		850.1		900.1
930				2		3		50		850.1		900.1
929				2		4		50		850.1		900.1
928				2		1		50		900.1		950.1
927				2		2		50		900.1		950.1
926				2		3		50		900.1		950.1
925				2		4		50		900.1		950.1
924				2		1		50		950.1		1000.1
923				2		2		50		950.1		1000.1
922				2		3		50		950.1		1000.1
921				2		4		50		950.1		1000.1
920				2		1		50		1000.1		1050.1
919				2		2		50		1000.1		1050.1
918				2		3		50		1000.1		1050.1
917				2		4		50		1000.1		1050.1
916				2		1		50		1050.1		1100.1
915				2		2		50		1050.1		1100.1
914				2		3		50		1050.1		1100.1
913				2		4		50		1050.1		1100.1
912				2		1		50		1100.1		1150.1
911				2		2		50		1100.1		1150.1
910				2		3		50		1100.1		1150.1
909				2		4		50		1100.1		1150.1
908				2		1		50		1150.1		1200.1
907				2		2		50		1150.1		1200.1
906				2		3		50		1150.1		1200.1
905				2		4		50		1150.1		1200.1
904				2		1		50		1200.1		1250.1
903				2		2		50		1200.1		1250.1
902				2		3		50		1200.1		1250.1
901				2		4		50		1200.1		1250.1
900				2		1		50		1250.1		1300.1
899				2		2		50		1250.1		1300.1
898				2		3		50		1250.1		1300.1
897				2		4		50		1250.1		1300.1
896				2		1		50		1300.1		1350.1
895				2		2		50		1300.1		1350.1
894				2		3		50		1300.1		1350.1
893				2		4		50		1300.1		1350.1
892				2		1		50		1350.1		1400.1
891				2		2		50		1350.1		1400.1
890				2		3		50		1350.1		1400.1
889				2		4		50		1350.1		1400.1
888				2		1		50		1400.1		1450.1
887				2		2		50		1400.1		1450.1
886				2		3		50		1400.1		1450.1
885				2		4		50		1400.1		1450.1
884				2		1		50		1450.1		1500.1
883				2		2		50		1450.1		1500.1
882				2		3		50		1450.1		1500.1
881				2		4		50		1450.1		1500.1
880				2		1		50		1500.1		1550.1
879				2		2		50		1500.1		1550.1
878				2		3		50		1500.1		1550.1
877				2		4		50		1500.1		1550.1
876				2		1		50		1550.1		1600.1
875				2		2		50		1550.1		1600.1
874				2		3		50		1550.1		1600.1
873				2		4		50		1550.1		1600.1
872				2		1		50		1600.1		1650.1
871				2		2		50		1600.1		1650.1
870				2		3		50		1600.1		1650.1
869				2		4		50		1600.1		1650.1
868				2		1		50		1650.1		1700.1
867				2		2		50		1650.1		1700.1
866				2		3		50		1650.1		1700.1
865				2		4		50		1650.1		1700.1
864				2		1		50		1700.1		1750.1
863				2		2		50		1700.1		1750.1
862				2		3		50		1700.1		1750.1
861				2		4		50		1700.1		1750.1
860				2		1		50		1750.1		1800.1
859				2		2		50		1750.1		1800.1
858				2		3		50		1750.1		1800.1
857				2		4		50		1750.1		1800.1
856				2		1		50		1800.1		1850.1
855				2		2		50		1800.1		1850.1
854				2		3		50		1800.1		1850.1
853				2		4		50		1800.1		1850.1
852				2		1		50		1850.1		1900.1
851				2		2		50		1850.1		1900.1
850				2		3		50		1850.1		1900.1
849				2		4		50		1850.1		1900.1
848				2		1		50		1900.1		1950.1
847				2		2		50		1900.1		1950.1
846				2		3		50		1900.1		1950.1
845				2		4		50		1900.1		1950.1
844				2		1		50		1950.1		2000.1
843				2		2		50		1950.1		2000.1
842				2		3		50		1950.1		2000.1
841				2		4		50		1950.1		2000.1
840				2		1		50		2000.1		2050.1
839				2		2		50		2000.1		2050.1
838				2		3		50		2000.1		2050.1
837				2		4		50		2000.1		2050.1
836				2		1		50		2050.1		2100.1
835				2		2		50		2050.1		2100.1
834				2		3		50		2050.1		2100.1
833				2		4		50		2050.1		2100.1
832				2		1		50		2100.1		2150.1
831				2		2		50		2100.1		2150.1
830				2		3		50		2100.1		2150.1
829				2		4		50		2100.1		2150.1
828				2		1		50		2150.1		2200.1
827				2		2		50		2150.1		2200.1
826				2		3		50		2150.1		2200.1
825				2		4		50		2150.1		2200.1
824				2		1		50		2200.1		2250.1
823				2		2		50		2200.1		2250.1
822				2		3		50		2200.1		2250.1
821				2		4		50		2200.1		2250.1
820				2		1		50		2250.1		2300.1
819				2		2		50		2250.1		2300.1
818				2		3		50		2250.1		2300.1
817				2		4		50		2250.1		2300.1
816				2		1		50		2300.1		2350.1
815				2		2		50		2300.1		2350.1
814				2		3		50		2300.1		2350.1
813				2		4		50		2300.1		2350.1
812				2		1		50		2350.1		2400.1
811				2		2		50		2350.1		2400.1
810				2		3		50		2350.1		2400.1
809				2		4		50		2350.1		2400.1
808				2		1		50		2400.1		2450.1
807				2		2		50		2400.1		2450.1
806				2		3		50		2400.1		2450.1
805				2		4		50		2400.1		2450.1
804				2		1		50		2450.1		2500.1
803				2		2		50		2450.1		2500.1
802				2		3		50		2450.1		2500.1
801				2		4		50		2450.1		2500.1
800				2		1		50		2500.1		2550.1
799				2		2		50		2500.1		2550.1
798				2		3		50		2500.1		2550.1
797				2		4		50		2500.1		2550.1
796				2		1		50		2550.1		2600.1
795				2		2		50		2550.1		2600.1
794				2		3		50		2550.1		2600.1
793				2		4		50		2550.1		2600.1
792				2		1		50		2600.1		2650.1
791				2		2		50		2600.1		2650.1
790				2		3		50		2600.1		2650.1
789				2		4		50		2600.1		2650.1
788				2		1		50		2650.1		2700.1
787				2		2		50		2650.1		2700.1
786				2		3		50		2650.1		2700.1
785				2		4		50		2650.1		2700.1
784				2		1		50		2700.1		2750.1
783				2		2		50		2700.1		2750.1
782				2		3		50		2700.1		2750.1
781				2		4		50		2700.1		2750.1
780				2		1		50		2750.1		2800.1
779				2		2		50		2750.1		2800.1
778				2		3		50		2750.1		2800.1
777				2		4		50		2750.1		2800.1
776				2		1		50		2800.1		2850.1
775				2		2		50		2800.1		2850.1
774				2		3		50		2800.1		2850.1
773				2		4		50		2800.1		2850.1
772				2		1		50		2850.1		2900.1
771				2		2		50		2850.1		2900.1
770				2		3		50		2850.1		2900.1
769				2		4		50		2850.1		2900.1
768				2		1		50		2900.1		2950.1
767				2		2		50		2900.1		2950.1
766				2		3		50		2900.1		2950.1
765				2		4		50		2900.1		2950.1
764				2		1		50		2950.1		3000.1
763				2		2		50		2950.1		3000.1
762				2		3		50		2950.1		3000.1
761				2		4		50		2950.1		3000.1
760				2		1		50		3000.1		3050.1
759				2		2		50		3000.1		3050.1
758				2		3		50		3000.1		3050.1
757				2		4		50		3000.1		3050.1
756				2		1		50		3050.1		3100.1
755				2		2		50		3050.1		3100.1
754				2		3		50		3050.1		3100.1
753				2		4		50		3050.1		3100.1
752				2		1		50		3100.1		3150.1
751				2		2		50		3100.1		3150.1
750				2		3		50		3100.1		3150.1
749				2		4		50		3100.1		3150.1
748				2		1		50		3150.1		3200.1
747				2		2		50		3150.1		3200.1
746				2		3		50		3150.1		3200.1
745				2		4		50		3150.1		3200.1
744				2		1		50		3200.1		3250.1
743				2		2		50		3200.1		3250.1
742				2		3		50		3200.1		3250.1
741				2		4		50		3200.1		3250.1
740				2		1		50		3250.1		3300.1
739				2		2		50		3250.1		3300.1
738				2		3		50		3250.1		3300.1
737				2		4		50		3250.1		3300.1
736				2		1		50		3300.1		3350.1
735				2		2		50		3300.1		3350.1
734				2		3		50		3300.1		3350.1
733				2		4		50		3300.1		3350.1
732				2		1		50		3350.1		3400.1
731				2		2		50		3350.1		3400.1
730				2		3		50		3350.1		3400.1
729				2		4		50		3350.1		3400.1
728				2		1		50		3400.1		3450.1
727				2		2		50		3400.1		3450.1
726				2		3		50		3400.1		3450.1
725				2		4		50		3400.1		3450.1
724				2		1		50		3450.1		3500.1
723				2		2		50		3450.1		3500.1
722				2		3		50		3450.1		3500.1
721				2		4		50		3450.1		3500.1
720				2		1		50		3500.1		3550.1
719				2		2		50		3500.1		3550.1
718				2		3		50		3500.1		3550.1
717				2		4		50		3500.1		3550.1
716				2		1		50		3550.1		3600.1
715				2		2		50		3550.1		3600.1
714				2		3		50		3550.1		3600.1
713				2		4		50		3550.1		3600.1
712				2		1		50		3600.1		3650.1
711				2		2		50		3600.1		3650.1
710				2		3		50		3600.1		3650.1
709				2		4		50		3600.1		3650.1
708				2		1		50		3650.1		3700.1
707				2		2		50		3650.1		3700.1
706				2		3		50		3650.1		3700.1
705				2		4		50		3650.1		3700.1
704				2		1		50		3700.1		3750.1
703				2		2		50		3700.1		3750.1
702				2		3		50		3700.1		3750.1
701				2		4		50		3700.1		3750.1
700				2		1		50		3750.1		3800.1
699				2		2		50		3750.1		3800.1
698				2		3		50		3750.1		3800.1
697				2		4		50		3750.1		3800.1
696				2		1		50		3800.1		3850.1
695				2		2		50		3800.1		3850.1
694				2		3		50		3800.1		3850.1
693				2		4		50		3800.1		3850.1
692				2		1		50		3850.1		3900.1
691				2		2		50		3850.1		3900.1
690				2		3		50		3850.1		3900.1
689				2		4		50		3850.1		3900.1
688				2		1		50		3900.1		3950.1
687				2		2		50		3900.1		3950.1
686				2		3		50		3900.1		3950.1
685				2		4		50		3900.1		3950.1
684				2		1		50		3950.1		4000.1
683				2		2		50		3950.1		4000.1
682				2		3		50		3950.1		4000.1
681				2		4		50		3950.1		4000.1
680				2		1		50		4000.1		4050.1
679				2		2		50		4000.1		4050.1
678				2		3		50		4000.1		4050.1
677				2		4		50		4000.1		4050.1
676				2		1		50		4050.1		4100.1
675				2		2		50		4050.1		4100.1
674				2		3		50		4050.1		4100.1
673				2		4		50		4050.1		4100.1
672				2		1		50		4100.1		4150.1
671				2		2		50		4100.1		4150.1
670				2		3		50		4100.1		4150.1
669				2		4		50		4100.1		4150.1
668				2		1		50		4150.1		4200.1
667				2		2		50		4150.1		4200.1
666				2		3		50		4150.1		4200.1
665				2		4		50		4150.1		4200.1
664				2		1		50		4200.1		4250.1
663				2		2		50		4200.1		4250.1
662				2		3		50		4200.1		4250.1
661				2		4		50		4200.1		4250.1
660				2		1		50		4250.1		4300.1
659				2		2		50		4250.1		4300.1
658				2		3		50		4250.1		4300.1
657				2		4		50		4250.1		4300.1
656				2		1		50		4300.1		4350.1
655				2		2		50		4300.1		4350.1
654				2		3		50		4300.1		4350.1
653				2		4		50		4300.1		4350.1
652				2		1		50		4350.1		4400.1
651				2		2		50		4350.1		4400.1
650				2		3		50		4350.1		4400.1
649				2		4		50		4350.1		4400.1
648				2		1		50		4400.1		4450.1
647				2		2		50		4400.1		4450.1
646				2		3		50		4400.1		4450.1
645				2		4		50		4400.1		4450.1
644				2		1		50		4450.1		4500.1
643				2		2		50		4450.1		4500.1
642				2		3		50		4450.1		4500.1
641				2		4		50		4450.1		4500.1
640				2		1		50		4500.1		4550.1
639				2		2		50		4500.1		4550.1
638				2		3		50		4500.1		4550.1
637				2		4		50		4500.1		4550.1
636				2		1		50		4550.1		4600.1
635				2		2		50		4550.1		4600.1
634				2		3		50		4550.1		4600.1
633				2		4		50		4550.1		4600.1
632				2		1		50		4600.1		4650.1
631				2		2		50		4600.1		4650.1
630				2		3		50		4600.1		4650.1
629				2		4		50		4600.1		4650.1
628				2		1		50		4650.1		4700.1
627				2		2		50		4650.1		4700.1
626				2		3		50		4650.1		4700.1
625				2		4		50		4650.1		4700.1
624				2		1		50		4700.1		4750.1
623				2		2		50		4700.1		4750.1
622				2		3		50		4700.1		4750.1
621				2		4		50		4700.1		4750.1
620				2		1		50		4750.1		4800.1
619				2		2		50		4750.1		4800.1
618				2		3		50		4750.1		4800.1
617				2		4		50		4750.1		4800.1
616				2		1		50		4800.1		4850.1
615				2		2		50		4800.1		4850.1
614				2		3		50		4800.1		4850.1
613				2		4		50		4800.1		4850.1
612				2		1		50		4850.1		4900.1
611				2		2		50		4850.1		4900.1
610				2		3		50		4850.1		4900.1
609				2		4		50		4850.1		4900.1
608				2		1		50		4900.1		4950.1
607				2		2		50		4900.1		4950.1
606				2		3		50		4900.1		4950.1
605				2		4		50		4900.1		4950.1
604				2		1		50		4950.1		5000.1
603				2		2		50		4950.1		5000.1
602				2		3		50		4950.1		5000.1
601				2		4		50		4950.1		5000.1
600				2		1		50		5000.1		5050.1
599				2		2		50		5000.1		5050.1
598				2		3		50		5000.1		5050.1
597				2		4		50		5000.1		5050.1
596				2		1		50		5050.1		5100.1
595				2		2		50		5050.1		5100.1
594				2		3		50		5050.1		5100.1
593				2		4		50		5050.1		5100.1
592				2		1		50		5100.1		5150.1
591				2		2		50		5100.1		5150.1
590				2		3		50		5100.1		5150.1
589				2		4		50		5100.1		5150.1
588				2		1		50		5150.1		5200.1
587				2		2		50		5150.1		5200.1
586				2		3		50		5150.1		5200.1
585				2		4		50		5150.1		5200.1
584				2		1		50		5200.1		5250.1
583				2		2		50		5200.1		5250.1
582				2		3		50		5200.1		5250.1
581				2		4		50		5200.1		5250.1
580				2		1		50		5250.1		5300.1
579				2		2		50		5250.1		5300.1
578				2		3		50		5250.1		5300.1
577				2		4		50		5250.1		5300.1
576				2		1		50		5300.1		5350.1
575				2		2		50		5300.1		5350.1
574				2		3		50		5300.1		5350.1
573				2		4		50		5300.1		5350.1
572				2		1		50		5350.1		5400.1
571				2		2		50		5350.1		5400.1
570				2		3		50		5350.1		5400.1
569				2		4		50		5350.1		5400.1
568				2		1		50		5400.1		5450.1
567				2		2		50		5400.1		5450.1
566				2		3		50		5400.1		5450.1
565				2		4		50		5400.1		5450.1
564				2		1		50		5450.1		5500.1
563				2		2		50		5450.1		5500.1
562				2		3		50		5450.1		5500.1
561				2		4		50		5450.1		5500.1
560				2		1		50		5500.1		5550.1
559				2		2		50		5500.1		5550.1
558				2		3		50		5500.1		5550.1
557				2		4		50		5500.1		5550.1
556				2		1		50		5550.1		5600.1
555				2		2		50		5550.1		5600.1
554				2		3		50		5550.1		5600.1
553				2		4		50		5550.1		5600.1
552				2		1		50		5600.1		5650.1
551				2		2		50		5600.1		5650.1
550				2		3		50		5600.1		5650.1
549				2		4		50		5600.1		5650.1
548				2		1		50		5650.1		5700.1
547				2		2		50		5650.1		5700.1
546				2		3		50		5650.1		5700.1
545				2		4		50		5650.1		5700.1
544				2		1		50		5700.1		5750.1
543				2		2		50		5700.1		5750.1
542				2		3		50		5700.1		5750.1
541				2		4		50		5700.1		5750.1
540				2		1		50		5750.1		5800.1
539				2		2		50		5750.1		5800.1
538				2		3		50		5750.1		5800.1
537				2		4		50		5750.1		5800.1
536				2		1		50		5800.1		5850.1
535				2		2		50		5800.1		5850.1
534				2		3		50		5800.1		5850.1
533				2		4		50		5800.1		5850.1
532				2		1		50		5850.1		5900.1
531				2		2		50		5850.1		5900.1
530				2		3		50		5850.1		5900.1
529				2		4		50		5850.1		5900.1
528				2		1		50		5900.1		5950.1
527				2		2		50		5900.1		5950.1
526				2		3		50		5900.1		5950.1
525				2		4		50		5900.1		5950.1
524				2		1		50		5950.1		6000.1
523				2		2		50		5950.1		6000.1
522				2		3		50		5950.1		6000.1
521				2		4		50		5950.1		6000.1
520				2		1		50		6000.1		6050.1
519				2		2		50		6000.1		6050.1
518				2		3		50		6000.1		6050.1
517				2		4		50		6000.1		6050.1
516				2		1		50		6050.1		6100.1
515				2		2		50		6050.1		6100.1
514				2		3		50		6050.1		6100.1
513				2		4		50		6050.1		6100.1
512				2		1		50		6100.1		6150.1
511				2		2		50		6100.1		6150.1
510				2		3		50		6100.1		6150.1
509				2		4		50		6100.1		6150.1
508				2		1		50		6150.1		6200.1
507				2		2		50		6150.1		6200.1
506				2		3		50		6150.1		6200.1
505				2		4		50		6150.1		6200.1
504				2		1		50		6200.1		6250.1
503				2		2		50		6200.1		6250.1
502				2		3		50		6200.1		6250.1
501				2		4		50		6200.1		6250.1
500				2		1		50		6250.1		6300.1
499				2		2		50		6250.1		6300.1
498				2		3		50		6250.1		6300.1
497				2		4		50		6250.1		6300.1
496				2		1		50		6300.1		6350.1
495				2		2		50		6300.1		6350.1
494				2		3		50		6300.1		6350.1
493				2		4		50		6300.1		6350.1
492				2		1		50		6350.1		6400.1
491				2		2		50		6350.1		6400.1
490				2		3		50		6350.1		6400.1
489				2		4		50		6350.1		6400.1
488				2		1		50		6400.1		6450.1
487				2		2		50		6400.1		6450.1
486				2		3		50		6400.1		6450.1
485				2		4		50		6400.1		6450.1
484				2		1		50		6450.1		6500.1
483				2		2		50		6450.1		6500.1
482				2		3		50		6450.1		6500.1
481				2		4		50		6450.1		6500.1
480				2		1		50		6500.1		6550.1
479				2		2		50		6500.1		6550.1
478				2		3		50		6500.1		6550.1
477				2		4		50		6500.1		6550.1
476				2		1		50		6550.1		6600.1
475				2		2		50		6550.1		6600.1
474				2		3		50		6550.1		6600.1
473				2		4		50		6550.1		6600.1
472				2		1		50		6600.1		6650.1
471				2		2		50		6600.1		6650.1
470				2		3		50		6600.1		6650.1
469				2		4		50		6600.1		6650.1
468				2		1		50		6650.1		6700.1
467				2		2		50		6650.1		6700.1
466				2		3		50		6650.1		6700.1
465				2		4		50		6650.1		6700.1
464				2		1		50		6700.1		6750.1
463				2		2		50		6700.1		6750.1
462				2		3		50		6700.1		6750.1
461				2		4		50		6700.1		6750.1
460				2		1		50		6750.1		6800.1
459				2		2		50		6750.1		6800.1
458				2		3		50		6750.1		6800.1
457				2		4		50		6750.1		6800.1
456				2		1		50		6800.1		6850.1
455				2		2		50		6800.1		6850.1
454				2		3		50		6800.1		6850.1
453				2		4		50		6800.1		6850.1
452				2		1		50		6850.1		6900.1
451				2		2		50		6850.1		6900.1
450				2		3		50		6850.1		6900.1
449				2		4		50		6850.1		6900.1
448				2		1		50		6900.1		6950.1
447				2		2		50		6900.1		6950.1
446				2		3		50		6900.1		6950.1
445				2		4		50		6900.1		6950.1
444				2		1		50		6950.1		7000.1
443				2		2		50		6950.1		7000.1
442				2		3		50		6950.1		7000.1
441				2		4		50		6950.1		7000.1
440				2		1		50		7000.1		7050.1
439				2		2		50		7000.1		7050.1
438				2		3		50		7000.1		7050.1
437				2		4		50		7000.1		7050.1
436				2		1		50		7050.1		7100.1
435				2		2		50		7050.1		7100.1
434				2		3		50		7050.1		7100.1
433				2		4		50		7050.1		7100.1
432				2		1		50		7100.1		7150.1
431				2		2		50		7100.1		7150.1
430				2		3		50		7100.1		7150.1
429				2		4		50		7100.1		7150.1
428				2		1		50		7150.1		7200.1
427				2		2		50		7150.1		7200.1
426				2		3		50		7150.1		7200.1
425				2		4		50		7150.1		7200.1
424				2		1		50		7200.1		7250.1
423				2		2		50		7200.1		7250.1
422				2		3		50		7200.1		7250.1
421				2		4		50		7200.1		7250.1
420				2		1		50		7250.1		7300.1
419				2		2		50		7250.1		7300.1
418				2		3		50		7250.1		7300.1
417				2		4		50		7250.1		7300.1
416				2		1		50		7300.1		7350.1
415				2		2		50		7300.1		7350.1
414				2		3		50		7300.1		7350.1
413				2		4		50		7300.1		7350.1
412				2		1		50		7350.1		7400.1
411				2		2		50		7350.1		7400.1
410				2		3		50		7350.1		7400.1
409				2		4		50		7350.1		7400.1
408				2		1		50		7400.1		7450.1
407				2		2		50		7400.1		7450.1
406				2		3		50		7400.1		7450.1
405				2		4		50		7400.1		7450.1
404				2		1		50		7450.1		7500.1
403				2		2		50		7450.1		7500.1
402				2		3		50		7450.1		7500.1
401				2		4		50		7450.1		7500.1
400				2		1		50		7500.1		7550.1
399				2		2		50		7500.1		7550.1
398				2		3		50		7500.1		7550.1
397				2		4		50		7500.1		7550.1
396				2		1		50		7550.1		7600.1
395				2		2		50		7550.1		7600.1
394				2		3		50		7550.1		7600.1
393				2		4		50		7550.1		7600.1
392				2		1		50		7600.1		7650.1
391				2		2		50		7600.1		7650.1
390				2		3		50		7600.1		7650.1
389				2		4		50		7600.1		7650.1
388				2		1		50		7650.1		7700.1
387				2		2		50		7650.1		7700.1
386				2		3		50		7650.1		7700.1
385				2		4		50		7650.1		7700.1
384				2		1		50		7700.1		7750.1
383				2		2		50		7700.1		7750.1
382				2		3		50		7700.1		7750.1
381				2		4		50		7700.1		7750.1
380				2		1		50		7750.1		7800.1
379				2		2		50		7750.1		7800.1
378				2		3		50		7750.1		7800.1
377				2		4		50		7750.1		7800.1
376				2		1		50		7800.1		7850.1
375				2		2		50		7800.1		7850.1
374				2		3		50		7800.1		7850.1
373				2		4		50		7800.1		7850.1
372				2		1		50		7850.1		7900.1
371				2		2		50		7850.1		7900.1
370				2		3		50		7850.1		7900.1
369				2		4		50		7850.1		7900.1
368				2		1		50		7900.1		7950.1
367				2		2		50		7900.1		7950.1
366				2		3		50		7900.1		7950.1
365				2		4		50		7900.1		7950.1
364				2		1		50		7950.1		8000.1
363				2		2		50		7950.1		8000.1
362				2		3		50		7950.1		8000.1
361				2		4		50		7950.1		8000.1
360				2		1		50		8000.1		8050.1
359				2		2		50		8000.1		8050.1
358				2		3		50		8000.1		8050.1
357				2		4		50		8000.1		8050.1
356				2		1		50		8050.1		8100.1
355				2		2		50		8050.1		8100.1
354				2		3		50		8050.1		8100.1
353				2		4		50		8050.1		8100.1
352				2		1		50		8100.1		8150.1
351				2		2		50		8100.1		8150.1
350				2		3		50		8100.1		8150.1
349				2		4		50		8100.1		8150.1
348				2		1		50		8150.1		8200.1
347				2		2		50		8150.1		8200.1
346				2		3		50		8150.1		8200.1
345				2		4		50		8150.1		8200.1
344				2		1		50		8200.1		8250.1
343				2		2		50		8200.1		8250.1
342				2		3		50		8200.1		8250.1
341				2		4		50		8200.1		8250.1
340				2		1		50		8250.1		8300.1
339				2		2		50		8250.1		8300.1
338				2		3		50		8250.1		8300.1
337				2		4		50		8250.1		8300.1
336				2		1		50		8300.1		8350.1
335				2		2		50		8300.1		8350.1
334				2		3		50		8300.1		8350.1
333				2		4		50		8300.1		8350.1
332				2		1		50		8350.1		8400.1
331				2		2		50		8350.1		8400.1
330				2		3		50		8350.1		8400.1
329				2		4		50		8350.1		8400.1
328				2		1		50		8400.1		8450.1
327				2		2		50		8400.1		8450.1
326				2		3		50		8400.1		8450.1
325				2		4		50		8400.1		8450.1
324				2		1		50		8450.1		8500.1
323				2		2		50		8450.1		8500.1
322				2		3		50		8450.1		8500.1
321				2		4		50		8450.1		8500.1
320				2		1		50		8500.1		8550.1
319				2		2		50		8500.1		8550.1
318				2		3		50		8500.1		8550.1
317				2		4		50		8500.1		8550.1
316				2		1		50		8550.1		8600.1
315				2		2		50		8550.1		8600.1
314				2		3		50		8550.1		8600.1
313				2		4		50		8550.1		8600.1
312				2		1		50		8600.1		8650.1
311				2		2		50		8600.1		8650.1
310				2		3		50		8600.1		8650.1
309				2		4		50		8600.1		8650.1
308				2		1		50		8650.1		8700.1
307				2		2		50		8650.1		8700.1
306				2		3		50		8650.1		8700.1
305				2		4		50		8650.1		8700.1
304				2		1		50		8700.1		8750.1
303				2		2		50		8700.1		8750.1
302				2		3		50		8700.1		8750.1
301				2		4		50		8700.1		8750.1
300				2		1		50		8750.1		8800.1
299				2		2		50		8750.1		8800.1
298				2		3		50		8750.1		8800.1
297				2		4		50		8750.1		8800.1
296				2		1		50		8800.1		8850.1
295				2		2		50		8800.1		8850.1
294				2		3		50		8800.1		8850.1
293				2		4		50		8800.1		8850.1
292				2		1		50		8850.1		8900.1
291				2		2		50		8850.1		8900.1
290				2		3		50		8850.1		8900.1
289				2		4		50		8850.1		8900.1
288				2		1		50		8900.1		8950.1
287				2		2		50		8900.1		8950.1
286				2		3		50		8900.1		8950.1
285				2		4		50		8900.1		8950.1
284				2		1		50		8950.1		9000.1
283				2		2		50		8950.1		9000.1
282				2		3		50		8950.1		9000.1
281				2		4		50		8950.1		9000.1
280				2		1		50		9000.1		9050.1
279				2		2		50		9000.1		9050.1
278				2		3		50		9000.1		9050.1
277				2		4		50		9000.1		9050.1
276				2		1		50		9050.1		9100.1
275				2		2		50		9050.1		9100.1
274				2		3		50		9050.1		9100.1
273				2		4		50		9050.1		9100.1
272				2		1		50		9100.1		9150.1
271				2		2		50		9100.1		9150.1
270				2		3		50		9100.1		9150.1
269				2		4		50		9100.1		9150.1
268				2		1		50		9150.1		9200.1
267				2		2		50		9150.1		9200.1
266				2		3		50		9150.1		9200.1
265				2		4		50		9150.1		9200.1
264				2		1		50		9200.1		9250.1
263				2		2		50		9200.1		9250.1
262				2		3		50		9200.1		9250.1
261				2		4		50		9200.1		9250.1
260				2		1		50		9250.1		9300.1
259				2		2		50		9250.1		9300.1
258				2		3		50		9250.1		9300.1
257				2		4		50		9250.1		9300.1
256				2		1		50		9300.1		9350.1
255				2		2		50		9300.1		9350.1
254				2		3		50		9300.1		9350.1
253				2		4		50		9300.1		9350.1
252				2		1		50		9350.1		9400.1
251				2		2		50		9350.1		9400.1
250				2		3		50		9350.1		9400.1
249				2		4		50		9350.1		9400.1
248				2		1		50		9400.1		9450.1
247				2		2		50		9400.1		9450.1
246				2		3		50		9400.1		9450.1
245				2		4		50		9400.1		9450.1
244				2		1		50		9450.1		9500.1
243				2		2		50		9450.1		9500.1
242				2		3		50		9450.1		9500.1
241				2		4		50		9450.1		9500.1
240				2		1		50		9500.1		9550.1
239				2		2		50		9500.1		9550.1
238				2		3		50		9500.1		9550.1
237				2		4		50		9500.1		9550.1
236				2		1		50		9550.1		9600.1
235				2		2		50		9550.1		9600.1
234				2		3		50		9550.1		9600.1
233				2		4		50		9550.1		9600.1
232				2		1		50		9600.1		9650.1
231				2		2		50		9600.1		9650.1
230				2		3		50		9600.1		9650.1
229				2		4		50		9600.1		9650.1
228				2		1		50		9650.1		9700.1
227				2		2		50		9650.1		9700.1
226				2		3		50		9650.1		9700.1
225				2		4		50		9650.1		9700.1
224				2		1		50		9700.1		9750.1
223				2		2		50		9700.1		9750.1
222				2		3		50		9700.1		9750.1
221				2		4		50		9700.1		9750.1
220				2		1		50		9750.1		9800.1
219				2		2		50		9750.1		9800.1
218				2		3		50		9750.1		9800.1
217				2		4		50		9750.1		9800.1
216				2		1		50		9800.1		9850.1
215				2		2		50		9800.1		9850.1
214				2		3		50		9800.1		9850.1
213				2		4		50		9800.1		9850.1
212				2		1		50		9850.1		9900.1
211				2		2		50		9850.1		9900.1
210				2		3		50		9850.1		9900.1
209				2		4		50		9850.1		9900.1
208				2		1		50		9900.1		9950.1
207				2		2		50		9900.1		9950.1
206				2		3		50		9900.1		9950.1
205				2		4		50		9900.1		9950.1
204				2		1		50		9950.1		10000.1
203				2		2		50		9950.1		10000.1
202				2		3		50		9950.1		10000.1
201				2		4		50		9950.1		10000.1
200				2		1		50		10000.1		10050.1
199				2		2		50		10000.1		10050.1
198				2		3		50		10000.1		10050.1
197				2		4		50		10000.1		10050.1
196				2		1		50		10050.1		10100.1
195				2		2		50		10050.1		10100.1
194				2		3		50		10050.1		10100.1
193				2		4		50		10050.1		10100.1
192				2		1		50		10100.1		10150.1
191				2		2		50		10100.1		10150.1
190				2		3		50		10100.1		10150.1
189				2		4		50		10100.1		10150.1
188				2		1		50		10150.1		10200.1
187				2		2		50		10150.1		10200.1
186				2		3		50		10150.1		10200.1
185				2		4		50		10150.1		10200.1
184				2		1		50		10200.1		10250.1
183				2		2		50		10200.1		10250.1
182				2		3		50		10200.1		10250.1
181				2		4		50		10200.1		10250.1
180				2		1		50		10250.1		10300.1
179				2		2		50		10250.1		10300.1
178				2		3		50		10250.1		10300.1
177				2		4		50		10250.1		10300.1
176				2		1		50		10300.1		10350.1
175				2		2		50		10300.1		10350.1
174				2		3		50		10300.1		10350.1
173				2		4		50		10300.1		10350.1
172				2		1		50		10350.1		10400.1
171				2		2		50		10350.1		10400.1
170				2		3		50		10350.1		10400.1
169				2		4		50		10350.1		10400.1
168				2		1		50		10400.1		10450.1
167				2		2		50		10400.1		10450.1
166				2		3		50		10400.1		10450.1
165				2		4		50		10400.1		10450.1
164				2		1		50		10450.1		10500.1
163				2		2		50		10450.1		10500.1
162				2		3		50		10450.1		10500.1
161				2		4		50		10450.1		10500.1
160				2		1		50		10500.1		10550.1
159				2		2		50		10500.1		10550.1
158				2		3		50		10500.1		10550.1
157				2		4		50		10500.1		10550.1
156				2		1		50		10550.1		10600.1
155				2		2		50		10550.1		10600.1
154				2		3		50		10550.1		10600.1
153				2		4		50		10550.1		10600.1
152				2		1		50		10600.1		10650.1
151				2		2		50		10600.1		10650.1
150				2		3		50		10600.1		10650.1
149				2		4		50		10600.1		10650.1
148				2		1		50		10650.1		10700.1
147				2		2		50		10650.1		10700.1
146				2		3		50		10650.1		10700.1
145				2		4		50		10650.1		10700.1
144				2		1		50		10700.1		10750.1
143				2		2		50		10700.1		10750.1
142				2		3		50		10700.1		10750.1
141				2		4		50		10700.1		10750.1
140				2		1		50		10750.1		10800.1
139				2		2		50		10750.1		10800.1
138				2		3		50		10750.1		10800.1
137				2		4		50		10750.1		10800.1
136				2		1		50		10800.1		10850.1
135				2		2		50		10800.1		10850.1
134				2		3		50		10800.1		10850.1
133				2		4		50		10800.1		10850.1
132				2		1		50		10850.1		10900.1
131				2		2		50		10850.1		10900.1
130				2		3		50		10850.1		10900.1
129				2		4		50		10850.1		10900.1
128				2		1		50		10900.1		10950.1
127				2		2		50		10900.1		10950.1
126				2		3		50		10900.1		10950.1
125				2		4		50		10900.1		10950.1
124				2		1		50		10950.1		11000.1
123				2		2		50		10950.1		11000.1
122				2		3		50		10950.1		11000.1
121				2		4		50		10950.1		11000.1
120				2		1		50		11000.1		11050.1
119				2		2		50		11000.1		11050.1
118				2		3		50		11000.1		11050.1
117				2		4		50		11000.1		11050.1
116				2		1		50		11050.1		11100.1
115				2		2		50		11050.1		11100.1
114				2		3		50		11050.1		11100.1
113				2		4		50		11050.1		11100.1
112				2		1		50		11100.1		11150.1
111				2		2		50		11100.1		11150.1
110				2		3		50		11100.1		11150.1
109				2		4		50		11100.1		11150.1
108				2		1		50		11150.1		11200.1
107				2		2		50		11150.1		11200.1
106				2		3		50		11150.1		11200.1
105				2		4		50		11150.1		11200.1
104				2		1		50		11200.1		11250.1
103				2		2		50		11200.1		11250.1
102				2		3		50		11200.1		11250.1
101				2		4		50		11200.1		11250.1
100				2		1		50		11250.1		11300.1
99				2		2		50		11250.1		11300.1
98				2		3		50		11250.1		11300.1
97				2		4		50		11250.1		11300.1
96				2		1		50		11300.1		11350.1
95				2		2		50		11300.1		11350.1
94				2		3		50		11300.1		11350.1
93				2		4		50		11300.1		11350.1
92				2		1		50		11350.1		11400.1
91				2		2		50		11350.1		11400.1
90				2		3		50		11350.1		11400.1
89				2		4		50		11350.1		11400.1
88				2		1		50		11400.1		11450.1
87				2		2		50		11400.1		11450.1
86				2		3		50		11400.1		11450.1
85				2		4		50		11400.1		11450.1
84				2		1		50		11450.1		11500.1
83				2		2		50		11450.1		11500.1
82				2		3		50		11450.1		11500.1
81				2		4		50		11450.1		11500.1
80				2		1		50		11500.1		11550.1
79				2		2		50		11500.1		11550.1
78				2		3		50		11500.1		11550.1
77				2		4		50		11500.1		11550.1
76				2		1		50		11550.1		11600.1
75				2		2		50		11550.1		11600.1
74				2		3		50		11550.1		11600.1
73				2		4		50		11550.1		11600.1
72				2		1		50		11600.1		11650.1
71				2		2		50		11600.1		11650.1
70				2		3		50		11600.1		11650.1
69				2		4		50		11600.1		11650.1
68				2		1		50		11650.1		11700.1
67				2		2		50		11650.1		11700.1
66				2		3		50		11650.1		11700.1
65				2		4		50		11650.1		11700.1
64				2		1		50		11700.1		11750.1
63				2		2		50		11700.1		11750.1
62				2		3		50		11700.1		11750.1
61				2		4		50		11700.1		11750.1
60				2		1		50		11750.1		11800.1
59				2		2		50		11750.1		11800.1
58				2		3		50		11750.1		11800.1
57				2		4		50		11750.1		11800.1
56				2		1		50		11800.1		11850.1
55				2		2		50		11800.1		11850.1
54				2		3		50		11800.1		11850.1
53				2		4		50		11800.1		11850.1
52				2		1		50		11850.1		11900.1
51				2		2		50		11850.1		11900.1
50				2		3		50		11850.1		11900.1
49				2		4		50		11850.1		11900.1
48				2		1		50		11900.1		11950.1
47				2		2		50		11900.1		11950.1
46				2		3		50		11900.1		11950.1
45				2		4		50		11900.1		11950.1
44				2		1		50		11950.1		12000.1
43				2		2		50		11950.1		12000.1
42				2		3		50		11950.1		12000.1
41				2		4		50		11950.1		12000.1
40				2		1		50		12000.1		12050.1
39				2		2		50		12000.1		12050.1
38				2		3		50		12000.1		12050.1
37				2		4		50		12000.1		12050.1
36				2		1		50		12050.1		12100.1
35				2		2		50		12050.1		12100.1
34				2		3		50		12050.1		12100.1
33				2		4		50		12050.1		12100.1
32				2		1		50		12100.1		12150.1
31				2		2		50		12100.1		12150.1
30				2		3		50		12100.1		12150.1
29				2		4		50		12100.1		12150.1
28				2		1		50		12150.1		12200.1
27				2		2		50		12150.1		12200.1
26				2		3		50		12150.1		12200.1
25				2		4		50		12150.1		12200.1
24				2		1		50		12200.1		12250.1
23				2		2		50		12200.1		12250.1
22				2		3		50		12200.1		12250.1
21				2		4		50		12200.1		12250.1
20				2		1		50		12250.1		12300.1
19				2		2		50		12250.1		12300.1
18				2		3		50		12250.1		12300.1
17				2		4		50		12250.1		12300.1
16				2		1		50		12300.1		12350.1
15				2		2		50		12300.1		12350.1
14				2		3		50		12300.1		12350.1
13				2		4		50		12300.1		12350.1
12				2		1		50		12350.1		12400.1
11				2		2		50		12350.1		12400.1
10				2		3		50		12350.1		12400.1
9				2		4		50		12350.1		12400.1
8				2		1		50		12400.1		12450.1
7				2		2		50		12400.1		12450.1
6				2		3		50		12400.1		12450.1
5				2		4		50		12400.1		12450.1
4				2		1		50		12450.1		12500.1
3				2		2		50		12450.1		12500.1
2				2		3		50		12450.1		12500.1
1				2		4		50		12450.1		12500.1
========== OUTPUT ==========
Cloudlet ID	Data center ID	VM ID	Time	Start Time	Finish Time
1000				2		1		100		0.1		100.1
996				2		5		100		0.1		100.1
999				2		2		100		0.1		100.1
995				2		6		100		0.1		100.1
998				2		3		100		0.1		100.1
994				2		7		100		0.1		100.1
997				2		4		100		0.1		100.1
993				2		8		100		0.1		100.1
992				2		1		100		100.1		200.1
988				2		5		100		100.1		200.1
991				2		2		100		100.1		200.1
987				2		6		100		100.1		200.1
990				2		3		100		100.1		200.1
986				2		7		100		100.1		200.1
989				2		4		100		100.1		200.1
985				2		8		100		100.1		200.1
984				2		1		100		200.1		300.1
980				2		5		100		200.1		300.1
983				2		2		100		200.1		300.1
979				2		6		100		200.1		300.1
982				2		3		100		200.1		300.1
978				2		7		100		200.1		300.1
981				2		4		100		200.1		300.1
977				2		8		100		200.1		300.1
976				2		1		100		300.1		400.1
972				2		5		100		300.1		400.1
975				2		2		100		300.1		400.1
971				2		6		100		300.1		400.1
974				2		3		100		300.1		400.1
970				2		7		100		300.1		400.1
973				2		4		100		300.1		400.1
969				2		8		100		300.1		400.1
968				2		1		100		400.1		500.1
964				2		5		100		400.1		500.1
967				2		2		100		400.1		500.1
963				2		6		100		400.1		500.1
966				2		3		100		400.1		500.1
962				2		7		100		400.1		500.1
965				2		4		100		400.1		500.1
961				2		8		100		400.1		500.1
960				2		1		100		500.1		600.1
956				2		5		100		500.1		600.1
959				2		2		100		500.1		600.1
955				2		6		100		500.1		600.1
958				2		3		100		500.1		600.1
954				2		7		100		500.1		600.1
957				2		4		100		500.1		600.1
953				2		8		100		500.1		600.1
952				2		1		100		600.1		700.1
948				2		5		100		600.1		700.1
951				2		2		100		600.1		700.1
947				2		6		100		600.1		700.1
950				2		3		100		600.1		700.1
946				2		7		100		600.1		700.1
949				2		4		100		600.1		700.1
945				2		8		100		600.1		700.1
944				2		1		100		700.1		800.1
940				2		5		100		700.1		800.1
943				2		2		100		700.1		800.1
939				2		6		100		700.1		800.1
942				2		3		100		700.1		800.1
938				2		7		100		700.1		800.1
941				2		4		100		700.1		800.1
937				2		8		100		700.1		800.1
936				2		1		100		800.1		900.1
932				2		5		100		800.1		900.1
935				2		2		100		800.1		900.1
931				2		6		100		800.1		900.1
934				2		3		100		800.1		900.1
930				2		7		100		800.1		900.1
933				2		4		100		800.1		900.1
929				2		8		100		800.1		900.1
928				2		1		100		900.1		1000.1
924				2		5		100		900.1		1000.1
927				2		2		100		900.1		1000.1
923				2		6		100		900.1		1000.1
926				2		3		100		900.1		1000.1
922				2		7		100		900.1		1000.1
925				2		4		100		900.1		1000.1
921				2		8		100		900.1		1000.1
920				2		1		100		1000.1		1100.1
916				2		5		100		1000.1		1100.1
919				2		2		100		1000.1		1100.1
915				2		6		100		1000.1		1100.1
918				2		3		100		1000.1		1100.1
914				2		7		100		1000.1		1100.1
917				2		4		100		1000.1		1100.1
913				2		8		100		1000.1		1100.1
912				2		1		100		1100.1		1200.1
908				2		5		100		1100.1		1200.1
911				2		2		100		1100.1		1200.1
907				2		6		100		1100.1		1200.1
910				2		3		100		1100.1		1200.1
906				2		7		100		1100.1		1200.1
909				2		4		100		1100.1		1200.1
905				2		8		100		1100.1		1200.1
904				2		1		100		1200.1		1300.1
900				2		5		100		1200.1		1300.1
903				2		2		100		1200.1		1300.1
899				2		6		100		1200.1		1300.1
902				2		3		100		1200.1		1300.1
898				2		7		100		1200.1		1300.1
901				2		4		100		1200.1		1300.1
897				2		8		100		1200.1		1300.1
896				2		1		100		1300.1		1400.1
892				2		5		100		1300.1		1400.1
895				2		2		100		1300.1		1400.1
891				2		6		100		1300.1		1400.1
894				2		3		100		1300.1		1400.1
890				2		7		100		1300.1		1400.1
893				2		4		100		1300.1		1400.1
889				2		8		100		1300.1		1400.1
888				2		1		100		1400.1		1500.1
884				2		5		100		1400.1		1500.1
887				2		2		100		1400.1		1500.1
883				2		6		100		1400.1		1500.1
886				2		3		100		1400.1		1500.1
882				2		7		100		1400.1		1500.1
885				2		4		100		1400.1		1500.1
881				2		8		100		1400.1		1500.1
880				2		1		100		1500.1		1600.1
876				2		5		100		1500.1		1600.1
879				2		2		100		1500.1		1600.1
875				2		6		100		1500.1		1600.1
878				2		3		100		1500.1		1600.1
874				2		7		100		1500.1		1600.1
877				2		4		100		1500.1		1600.1
873				2		8		100		1500.1		1600.1
872				2		1		100		1600.1		1700.1
868				2		5		100		1600.1		1700.1
871				2		2		100		1600.1		1700.1
867				2		6		100		1600.1		1700.1
870				2		3		100		1600.1		1700.1
866				2		7		100		1600.1		1700.1
869				2		4		100		1600.1		1700.1
865				2		8		100		1600.1		1700.1
864				2		1		100		1700.1		1800.1
860				2		5		100		1700.1		1800.1
863				2		2		100		1700.1		1800.1
859				2		6		100		1700.1		1800.1
862				2		3		100		1700.1		1800.1
858				2		7		100		1700.1		1800.1
861				2		4		100		1700.1		1800.1
857				2		8		100		1700.1		1800.1
856				2		1		100		1800.1		1900.1
852				2		5		100		1800.1		1900.1
855				2		2		100		1800.1		1900.1
851				2		6		100		1800.1		1900.1
854				2		3		100		1800.1		1900.1
850				2		7		100		1800.1		1900.1
853				2		4		100		1800.1		1900.1
849				2		8		100		1800.1		1900.1
848				2		1		100		1900.1		2000.1
844				2		5		100		1900.1		2000.1
847				2		2		100		1900.1		2000.1
843				2		6		100		1900.1		2000.1
846				2		3		100		1900.1		2000.1
842				2		7		100		1900.1		2000.1
845				2		4		100		1900.1		2000.1
841				2		8		100		1900.1		2000.1
840				2		1		100		2000.1		2100.1
836				2		5		100		2000.1		2100.1
839				2		2		100		2000.1		2100.1
835				2		6		100		2000.1		2100.1
838				2		3		100		2000.1		2100.1
834				2		7		100		2000.1		2100.1
837				2		4		100		2000.1		2100.1
833				2		8		100		2000.1		2100.1
832				2		1		100		2100.1		2200.1
828				2		5		100		2100.1		2200.1
831				2		2		100		2100.1		2200.1
827				2		6		100		2100.1		2200.1
830				2		3		100		2100.1		2200.1
826				2		7		100		2100.1		2200.1
829				2		4		100		2100.1		2200.1
825				2		8		100		2100.1		2200.1
824				2		1		100		2200.1		2300.1
820				2		5		100		2200.1		2300.1
823				2		2		100		2200.1		2300.1
819				2		6		100		2200.1		2300.1
822				2		3		100		2200.1		2300.1
818				2		7		100		2200.1		2300.1
821				2		4		100		2200.1		2300.1
817				2		8		100		2200.1		2300.1
816				2		1		100		2300.1		2400.1
812				2		5		100		2300.1		2400.1
815				2		2		100		2300.1		2400.1
811				2		6		100		2300.1		2400.1
814				2		3		100		2300.1		2400.1
810				2		7		100		2300.1		2400.1
813				2		4		100		2300.1		2400.1
809				2		8		100		2300.1		2400.1
808				2		1		100		2400.1		2500.1
804				2		5		100		2400.1		2500.1
807				2		2		100		2400.1		2500.1
803				2		6		100		2400.1		2500.1
806				2		3		100		2400.1		2500.1
802				2		7		100		2400.1		2500.1
805				2		4		100		2400.1		2500.1
801				2		8		100		2400.1		2500.1
800				2		1		100		2500.1		2600.1
796				2		5		100		2500.1		2600.1
799				2		2		100		2500.1		2600.1
795				2		6		100		2500.1		2600.1
798				2		3		100		2500.1		2600.1
794				2		7		100		2500.1		2600.1
797				2		4		100		2500.1		2600.1
793				2		8		100		2500.1		2600.1
792				2		1		100		2600.1		2700.1
788				2		5		100		2600.1		2700.1
791				2		2		100		2600.1		2700.1
787				2		6		100		2600.1		2700.1
790				2		3		100		2600.1		2700.1
786				2		7		100		2600.1		2700.1
789				2		4		100		2600.1		2700.1
785				2		8		100		2600.1		2700.1
784				2		1		100		2700.1		2800.1
780				2		5		100		2700.1		2800.1
783				2		2		100		2700.1		2800.1
779				2		6		100		2700.1		2800.1
782				2		3		100		2700.1		2800.1
778				2		7		100		2700.1		2800.1
781				2		4		100		2700.1		2800.1
777				2		8		100		2700.1		2800.1
776				2		1		100		2800.1		2900.1
772				2		5		100		2800.1		2900.1
775				2		2		100		2800.1		2900.1
771				2		6		100		2800.1		2900.1
774				2		3		100		2800.1		2900.1
770				2		7		100		2800.1		2900.1
773				2		4		100		2800.1		2900.1
769				2		8		100		2800.1		2900.1
768				2		1		100		2900.1		3000.1
764				2		5		100		2900.1		3000.1
767				2		2		100		2900.1		3000.1
763				2		6		100		2900.1		3000.1
766				2		3		100		2900.1		3000.1
762				2		7		100		2900.1		3000.1
765				2		4		100		2900.1		3000.1
761				2		8		100		2900.1		3000.1
760				2		1		100		3000.1		3100.1
756				2		5		100		3000.1		3100.1
759				2		2		100		3000.1		3100.1
755				2		6		100		3000.1		3100.1
758				2		3		100		3000.1		3100.1
754				2		7		100		3000.1		3100.1
757				2		4		100		3000.1		3100.1
753				2		8		100		3000.1		3100.1
752				2		1		100		3100.1		3200.1
748				2		5		100		3100.1		3200.1
751				2		2		100		3100.1		3200.1
747				2		6		100		3100.1		3200.1
750				2		3		100		3100.1		3200.1
746				2		7		100		3100.1		3200.1
749				2		4		100		3100.1		3200.1
745				2		8		100		3100.1		3200.1
744				2		1		100		3200.1		3300.1
740				2		5		100		3200.1		3300.1
743				2		2		100		3200.1		3300.1
739				2		6		100		3200.1		3300.1
742				2		3		100		3200.1		3300.1
738				2		7		100		3200.1		3300.1
741				2		4		100		3200.1		3300.1
737				2		8		100		3200.1		3300.1
736				2		1		100		3300.1		3400.1
732				2		5		100		3300.1		3400.1
735				2		2		100		3300.1		3400.1
731				2		6		100		3300.1		3400.1
734				2		3		100		3300.1		3400.1
730				2		7		100		3300.1		3400.1
733				2		4		100		3300.1		3400.1
729				2		8		100		3300.1		3400.1
728				2		1		100		3400.1		3500.1
724				2		5		100		3400.1		3500.1
727				2		2		100		3400.1		3500.1
723				2		6		100		3400.1		3500.1
726				2		3		100		3400.1		3500.1
722				2		7		100		3400.1		3500.1
725				2		4		100		3400.1		3500.1
721				2		8		100		3400.1		3500.1
720				2		1		100		3500.1		3600.1
716				2		5		100		3500.1		3600.1
719				2		2		100		3500.1		3600.1
715				2		6		100		3500.1		3600.1
718				2		3		100		3500.1		3600.1
714				2		7		100		3500.1		3600.1
717				2		4		100		3500.1		3600.1
713				2		8		100		3500.1		3600.1
712				2		1		100		3600.1		3700.1
708				2		5		100		3600.1		3700.1
711				2		2		100		3600.1		3700.1
707				2		6		100		3600.1		3700.1
710				2		3		100		3600.1		3700.1
706				2		7		100		3600.1		3700.1
709				2		4		100		3600.1		3700.1
705				2		8		100		3600.1		3700.1
704				2		1		100		3700.1		3800.1
700				2		5		100		3700.1		3800.1
703				2		2		100		3700.1		3800.1
699				2		6		100		3700.1		3800.1
702				2		3		100		3700.1		3800.1
698				2		7		100		3700.1		3800.1
701				2		4		100		3700.1		3800.1
697				2		8		100		3700.1		3800.1
696				2		1		100		3800.1		3900.1
692				2		5		100		3800.1		3900.1
695				2		2		100		3800.1		3900.1
691				2		6		100		3800.1		3900.1
694				2		3		100		3800.1		3900.1
690				2		7		100		3800.1		3900.1
693				2		4		100		3800.1		3900.1
689				2		8		100		3800.1		3900.1
688				2		1		100		3900.1		4000.1
684				2		5		100		3900.1		4000.1
687				2		2		100		3900.1		4000.1
683				2		6		100		3900.1		4000.1
686				2		3		100		3900.1		4000.1
682				2		7		100		3900.1		4000.1
685				2		4		100		3900.1		4000.1
681				2		8		100		3900.1		4000.1
680				2		1		100		4000.1		4100.1
676				2		5		100		4000.1		4100.1
679				2		2		100		4000.1		4100.1
675				2		6		100		4000.1		4100.1
678				2		3		100		4000.1		4100.1
674				2		7		100		4000.1		4100.1
677				2		4		100		4000.1		4100.1
673				2		8		100		4000.1		4100.1
672				2		1		100		4100.1		4200.1
668				2		5		100		4100.1		4200.1
671				2		2		100		4100.1		4200.1
667				2		6		100		4100.1		4200.1
670				2		3		100		4100.1		4200.1
666				2		7		100		4100.1		4200.1
669				2		4		100		4100.1		4200.1
665				2		8		100		4100.1		4200.1
664				2		1		100		4200.1		4300.1
660				2		5		100		4200.1		4300.1
663				2		2		100		4200.1		4300.1
659				2		6		100		4200.1		4300.1
662				2		3		100		4200.1		4300.1
658				2		7		100		4200.1		4300.1
661				2		4		100		4200.1		4300.1
657				2		8		100		4200.1		4300.1
656				2		1		100		4300.1		4400.1
652				2		5		100		4300.1		4400.1
655				2		2		100		4300.1		4400.1
651				2		6		100		4300.1		4400.1
654				2		3		100		4300.1		4400.1
650				2		7		100		4300.1		4400.1
653				2		4		100		4300.1		4400.1
649				2		8		100		4300.1		4400.1
648				2		1		100		4400.1		4500.1
644				2		5		100		4400.1		4500.1
647				2		2		100		4400.1		4500.1
643				2		6		100		4400.1		4500.1
646				2		3		100		4400.1		4500.1
642				2		7		100		4400.1		4500.1
645				2		4		100		4400.1		4500.1
641				2		8		100		4400.1		4500.1
640				2		1		100		4500.1		4600.1
636				2		5		100		4500.1		4600.1
639				2		2		100		4500.1		4600.1
635				2		6		100		4500.1		4600.1
638				2		3		100		4500.1		4600.1
634				2		7		100		4500.1		4600.1
637				2		4		100		4500.1		4600.1
633				2		8		100		4500.1		4600.1
632				2		1		100		4600.1		4700.1
628				2		5		100		4600.1		4700.1
631				2		2		100		4600.1		4700.1
627				2		6		100		4600.1		4700.1
630				2		3		100		4600.1		4700.1
626				2		7		100		4600.1		4700.1
629				2		4		100		4600.1		4700.1
625				2		8		100		4600.1		4700.1
624				2		1		100		4700.1		4800.1
620				2		5		100		4700.1		4800.1
623				2		2		100		4700.1		4800.1
619				2		6		100		4700.1		4800.1
622				2		3		100		4700.1		4800.1
618				2		7		100		4700.1		4800.1
621				2		4		100		4700.1		4800.1
617				2		8		100		4700.1		4800.1
616				2		1		100		4800.1		4900.1
612				2		5		100		4800.1		4900.1
615				2		2		100		4800.1		4900.1
611				2		6		100		4800.1		4900.1
614				2		3		100		4800.1		4900.1
610				2		7		100		4800.1		4900.1
613				2		4		100		4800.1		4900.1
609				2		8		100		4800.1		4900.1
608				2		1		100		4900.1		5000.1
604				2		5		100		4900.1		5000.1
607				2		2		100		4900.1		5000.1
603				2		6		100		4900.1		5000.1
606				2		3		100		4900.1		5000.1
602				2		7		100		4900.1		5000.1
605				2		4		100		4900.1		5000.1
601				2		8		100		4900.1		5000.1
600				2		1		100		5000.1		5100.1
596				2		5		100		5000.1		5100.1
599				2		2		100		5000.1		5100.1
595				2		6		100		5000.1		5100.1
598				2		3		100		5000.1		5100.1
594				2		7		100		5000.1		5100.1
597				2		4		100		5000.1		5100.1
593				2		8		100		5000.1		5100.1
592				2		1		100		5100.1		5200.1
588				2		5		100		5100.1		5200.1
591				2		2		100		5100.1		5200.1
587				2		6		100		5100.1		5200.1
590				2		3		100		5100.1		5200.1
586				2		7		100		5100.1		5200.1
589				2		4		100		5100.1		5200.1
585				2		8		100		5100.1		5200.1
584				2		1		100		5200.1		5300.1
580				2		5		100		5200.1		5300.1
583				2		2		100		5200.1		5300.1
579				2		6		100		5200.1		5300.1
582				2		3		100		5200.1		5300.1
578				2		7		100		5200.1		5300.1
581				2		4		100		5200.1		5300.1
577				2		8		100		5200.1		5300.1
576				2		1		100		5300.1		5400.1
572				2		5		100		5300.1		5400.1
575				2		2		100		5300.1		5400.1
571				2		6		100		5300.1		5400.1
574				2		3		100		5300.1		5400.1
570				2		7		100		5300.1		5400.1
573				2		4		100		5300.1		5400.1
569				2		8		100		5300.1		5400.1
568				2		1		100		5400.1		5500.1
564				2		5		100		5400.1		5500.1
567				2		2		100		5400.1		5500.1
563				2		6		100		5400.1		5500.1
566				2		3		100		5400.1		5500.1
562				2		7		100		5400.1		5500.1
565				2		4		100		5400.1		5500.1
561				2		8		100		5400.1		5500.1
560				2		1		100		5500.1		5600.1
556				2		5		100		5500.1		5600.1
559				2		2		100		5500.1		5600.1
555				2		6		100		5500.1		5600.1
558				2		3		100		5500.1		5600.1
554				2		7		100		5500.1		5600.1
557				2		4		100		5500.1		5600.1
553				2		8		100		5500.1		5600.1
552				2		1		100		5600.1		5700.1
548				2		5		100		5600.1		5700.1
551				2		2		100		5600.1		5700.1
547				2		6		100		5600.1		5700.1
550				2		3		100		5600.1		5700.1
546				2		7		100		5600.1		5700.1
549				2		4		100		5600.1		5700.1
545				2		8		100		5600.1		5700.1
544				2		1		100		5700.1		5800.1
540				2		5		100		5700.1		5800.1
543				2		2		100		5700.1		5800.1
539				2		6		100		5700.1		5800.1
542				2		3		100		5700.1		5800.1
538				2		7		100		5700.1		5800.1
541				2		4		100		5700.1		5800.1
537				2		8		100		5700.1		5800.1
536				2		1		100		5800.1		5900.1
532				2		5		100		5800.1		5900.1
535				2		2		100		5800.1		5900.1
531				2		6		100		5800.1		5900.1
534				2		3		100		5800.1		5900.1
530				2		7		100		5800.1		5900.1
533				2		4		100		5800.1		5900.1
529				2		8		100		5800.1		5900.1
528				2		1		100		5900.1		6000.1
524				2		5		100		5900.1		6000.1
527				2		2		100		5900.1		6000.1
523				2		6		100		5900.1		6000.1
526				2		3		100		5900.1		6000.1
522				2		7		100		5900.1		6000.1
525				2		4		100		5900.1		6000.1
521				2		8		100		5900.1		6000.1
520				2		1		100		6000.1		6100.1
516				2		5		100		6000.1		6100.1
519				2		2		100		6000.1		6100.1
515				2		6		100		6000.1		6100.1
518				2		3		100		6000.1		6100.1
514				2		7		100		6000.1		6100.1
517				2		4		100		6000.1		6100.1
513				2		8		100		6000.1		6100.1
512				2		1		100		6100.1		6200.1
508				2		5		100		6100.1		6200.1
511				2		2		100		6100.1		6200.1
507				2		6		100		6100.1		6200.1
510				2		3		100		6100.1		6200.1
506				2		7		100		6100.1		6200.1
509				2		4		100		6100.1		6200.1
505				2		8		100		6100.1		6200.1
504				2		1		100		6200.1		6300.1
500				2		5		100		6200.1		6300.1
503				2		2		100		6200.1		6300.1
499				2		6		100		6200.1		6300.1
502				2		3		100		6200.1		6300.1
498				2		7		100		6200.1		6300.1
501				2		4		100		6200.1		6300.1
497				2		8		100		6200.1		6300.1
496				2		1		100		6300.1		6400.1
492				2		5		100		6300.1		6400.1
495				2		2		100		6300.1		6400.1
491				2		6		100		6300.1		6400.1
494				2		3		100		6300.1		6400.1
490				2		7		100		6300.1		6400.1
493				2		4		100		6300.1		6400.1
489				2		8		100		6300.1		6400.1
488				2		1		100		6400.1		6500.1
484				2		5		100		6400.1		6500.1
487				2		2		100		6400.1		6500.1
483				2		6		100		6400.1		6500.1
486				2		3		100		6400.1		6500.1
482				2		7		100		6400.1		6500.1
485				2		4		100		6400.1		6500.1
481				2		8		100		6400.1		6500.1
480				2		1		100		6500.1		6600.1
476				2		5		100		6500.1		6600.1
479				2		2		100		6500.1		6600.1
475				2		6		100		6500.1		6600.1
478				2		3		100		6500.1		6600.1
474				2		7		100		6500.1		6600.1
477				2		4		100		6500.1		6600.1
473				2		8		100		6500.1		6600.1
472				2		1		100		6600.1		6700.1
468				2		5		100		6600.1		6700.1
471				2		2		100		6600.1		6700.1
467				2		6		100		6600.1		6700.1
470				2		3		100		6600.1		6700.1
466				2		7		100		6600.1		6700.1
469				2		4		100		6600.1		6700.1
465				2		8		100		6600.1		6700.1
464				2		1		100		6700.1		6800.1
460				2		5		100		6700.1		6800.1
463				2		2		100		6700.1		6800.1
459				2		6		100		6700.1		6800.1
462				2		3		100		6700.1		6800.1
458				2		7		100		6700.1		6800.1
461				2		4		100		6700.1		6800.1
457				2		8		100		6700.1		6800.1
456				2		1		100		6800.1		6900.1
452				2		5		100		6800.1		6900.1
455				2		2		100		6800.1		6900.1
451				2		6		100		6800.1		6900.1
454				2		3		100		6800.1		6900.1
450				2		7		100		6800.1		6900.1
453				2		4		100		6800.1		6900.1
449				2		8		100		6800.1		6900.1
448				2		1		100		6900.1		7000.1
444				2		5		100		6900.1		7000.1
447				2		2		100		6900.1		7000.1
443				2		6		100		6900.1		7000.1
446				2		3		100		6900.1		7000.1
442				2		7		100		6900.1		7000.1
445				2		4		100		6900.1		7000.1
441				2		8		100		6900.1		7000.1
440				2		1		100		7000.1		7100.1
436				2		5		100		7000.1		7100.1
439				2		2		100		7000.1		7100.1
435				2		6		100		7000.1		7100.1
438				2		3		100		7000.1		7100.1
434				2		7		100		7000.1		7100.1
437				2		4		100		7000.1		7100.1
433				2		8		100		7000.1		7100.1
432				2		1		100		7100.1		7200.1
428				2		5		100		7100.1		7200.1
431				2		2		100		7100.1		7200.1
427				2		6		100		7100.1		7200.1
430				2		3		100		7100.1		7200.1
426				2		7		100		7100.1		7200.1
429				2		4		100		7100.1		7200.1
425				2		8		100		7100.1		7200.1
424				2		1		100		7200.1		7300.1
420				2		5		100		7200.1		7300.1
423				2		2		100		7200.1		7300.1
419				2		6		100		7200.1		7300.1
422				2		3		100		7200.1		7300.1
418				2		7		100		7200.1		7300.1
421				2		4		100		7200.1		7300.1
417				2		8		100		7200.1		7300.1
416				2		1		100		7300.1		7400.1
412				2		5		100		7300.1		7400.1
415				2		2		100		7300.1		7400.1
411				2		6		100		7300.1		7400.1
414				2		3		100		7300.1		7400.1
410				2		7		100		7300.1		7400.1
413				2		4		100		7300.1		7400.1
409				2		8		100		7300.1		7400.1
408				2		1		100		7400.1		7500.1
404				2		5		100		7400.1		7500.1
407				2		2		100		7400.1		7500.1
403				2		6		100		7400.1		7500.1
406				2		3		100		7400.1		7500.1
402				2		7		100		7400.1		7500.1
405				2		4		100		7400.1		7500.1
401				2		8		100		7400.1		7500.1
400				2		1		100		7500.1		7600.1
396				2		5		100		7500.1		7600.1
399				2		2		100		7500.1		7600.1
395				2		6		100		7500.1		7600.1
398				2		3		100		7500.1		7600.1
394				2		7		100		7500.1		7600.1
397				2		4		100		7500.1		7600.1
393				2		8		100		7500.1		7600.1
392				2		1		100		7600.1		7700.1
388				2		5		100		7600.1		7700.1
391				2		2		100		7600.1		7700.1
387				2		6		100		7600.1		7700.1
390				2		3		100		7600.1		7700.1
386				2		7		100		7600.1		7700.1
389				2		4		100		7600.1		7700.1
385				2		8		100		7600.1		7700.1
384				2		1		100		7700.1		7800.1
380				2		5		100		7700.1		7800.1
383				2		2		100		7700.1		7800.1
379				2		6		100		7700.1		7800.1
382				2		3		100		7700.1		7800.1
378				2		7		100		7700.1		7800.1
381				2		4		100		7700.1		7800.1
377				2		8		100		7700.1		7800.1
376				2		1		100		7800.1		7900.1
372				2		5		100		7800.1		7900.1
375				2		2		100		7800.1		7900.1
371				2		6		100		7800.1		7900.1
374				2		3		100		7800.1		7900.1
370				2		7		100		7800.1		7900.1
373				2		4		100		7800.1		7900.1
369				2		8		100		7800.1		7900.1
368				2		1		100		7900.1		8000.1
364				2		5		100		7900.1		8000.1
367				2		2		100		7900.1		8000.1
363				2		6		100		7900.1		8000.1
366				2		3		100		7900.1		8000.1
362				2		7		100		7900.1		8000.1
365				2		4		100		7900.1		8000.1
361				2		8		100		7900.1		8000.1
360				2		1		100		8000.1		8100.1
356				2		5		100		8000.1		8100.1
359				2		2		100		8000.1		8100.1
355				2		6		100		8000.1		8100.1
358				2		3		100		8000.1		8100.1
354				2		7		100		8000.1		8100.1
357				2		4		100		8000.1		8100.1
353				2		8		100		8000.1		8100.1
352				2		1		100		8100.1		8200.1
348				2		5		100		8100.1		8200.1
351				2		2		100		8100.1		8200.1
347				2		6		100		8100.1		8200.1
350				2		3		100		8100.1		8200.1
346				2		7		100		8100.1		8200.1
349				2		4		100		8100.1		8200.1
345				2		8		100		8100.1		8200.1
344				2		1		100		8200.1		8300.1
340				2		5		100		8200.1		8300.1
343				2		2		100		8200.1		8300.1
339				2		6		100		8200.1		8300.1
342				2		3		100		8200.1		8300.1
338				2		7		100		8200.1		8300.1
341				2		4		100		8200.1		8300.1
337				2		8		100		8200.1		8300.1
336				2		1		100		8300.1		8400.1
332				2		5		100		8300.1		8400.1
335				2		2		100		8300.1		8400.1
331				2		6		100		8300.1		8400.1
334				2		3		100		8300.1		8400.1
330				2		7		100		8300.1		8400.1
333				2		4		100		8300.1		8400.1
329				2		8		100		8300.1		8400.1
328				2		1		100		8400.1		8500.1
324				2		5		100		8400.1		8500.1
327				2		2		100		8400.1		8500.1
323				2		6		100		8400.1		8500.1
326				2		3		100		8400.1		8500.1
322				2		7		100		8400.1		8500.1
325				2		4		100		8400.1		8500.1
321				2		8		100		8400.1		8500.1
320				2		1		100		8500.1		8600.1
316				2		5		100		8500.1		8600.1
319				2		2		100		8500.1		8600.1
315				2		6		100		8500.1		8600.1
318				2		3		100		8500.1		8600.1
314				2		7		100		8500.1		8600.1
317				2		4		100		8500.1		8600.1
313				2		8		100		8500.1		8600.1
312				2		1		100		8600.1		8700.1
308				2		5		100		8600.1		8700.1
311				2		2		100		8600.1		8700.1
307				2		6		100		8600.1		8700.1
310				2		3		100		8600.1		8700.1
306				2		7		100		8600.1		8700.1
309				2		4		100		8600.1		8700.1
305				2		8		100		8600.1		8700.1
304				2		1		100		8700.1		8800.1
300				2		5		100		8700.1		8800.1
303				2		2		100		8700.1		8800.1
299				2		6		100		8700.1		8800.1
302				2		3		100		8700.1		8800.1
298				2		7		100		8700.1		8800.1
301				2		4		100		8700.1		8800.1
297				2		8		100		8700.1		8800.1
296				2		1		100		8800.1		8900.1
292				2		5		100		8800.1		8900.1
295				2		2		100		8800.1		8900.1
291				2		6		100		8800.1		8900.1
294				2		3		100		8800.1		8900.1
290				2		7		100		8800.1		8900.1
293				2		4		100		8800.1		8900.1
289				2		8		100		8800.1		8900.1
288				2		1		100		8900.1		9000.1
284				2		5		100		8900.1		9000.1
287				2		2		100		8900.1		9000.1
283				2		6		100		8900.1		9000.1
286				2		3		100		8900.1		9000.1
282				2		7		100		8900.1		9000.1
285				2		4		100		8900.1		9000.1
281				2		8		100		8900.1		9000.1
280				2		1		100		9000.1		9100.1
276				2		5		100		9000.1		9100.1
279				2		2		100		9000.1		9100.1
275				2		6		100		9000.1		9100.1
278				2		3		100		9000.1		9100.1
274				2		7		100		9000.1		9100.1
277				2		4		100		9000.1		9100.1
273				2		8		100		9000.1		9100.1
272				2		1		100		9100.1		9200.1
268				2		5		100		9100.1		9200.1
271				2		2		100		9100.1		9200.1
267				2		6		100		9100.1		9200.1
270				2		3		100		9100.1		9200.1
266				2		7		100		9100.1		9200.1
269				2		4		100		9100.1		9200.1
265				2		8		100		9100.1		9200.1
264				2		1		100		9200.1		9300.1
260				2		5		100		9200.1		9300.1
263				2		2		100		9200.1		9300.1
259				2		6		100		9200.1		9300.1
262				2		3		100		9200.1		9300.1
258				2		7		100		9200.1		9300.1
261				2		4		100		9200.1		9300.1
257				2		8		100		9200.1		9300.1
256				2		1		100		9300.1		9400.1
252				2		5		100		9300.1		9400.1
255				2		2		100		9300.1		9400.1
251				2		6		100		9300.1		9400.1
254				2		3		100		9300.1		9400.1
250				2		7		100		9300.1		9400.1
253				2		4		100		9300.1		9400.1
249				2		8		100		9300.1		9400.1
248				2		1		100		9400.1		9500.1
244				2		5		100		9400.1		9500.1
247				2		2		100		9400.1		9500.1
243				2		6		100		9400.1		9500.1
246				2		3		100		9400.1		9500.1
242				2		7		100		9400.1		9500.1
245				2		4		100		9400.1		9500.1
241				2		8		100		9400.1		9500.1
240				2		1		100		9500.1		9600.1
236				2		5		100		9500.1		9600.1
239				2		2		100		9500.1		9600.1
235				2		6		100		9500.1		9600.1
238				2		3		100		9500.1		9600.1
234				2		7		100		9500.1		9600.1
237				2		4		100		9500.1		9600.1
233				2		8		100		9500.1		9600.1
232				2		1		100		9600.1		9700.1
228				2		5		100		9600.1		9700.1
231				2		2		100		9600.1		9700.1
227				2		6		100		9600.1		9700.1
230				2		3		100		9600.1		9700.1
226				2		7		100		9600.1		9700.1
229				2		4		100		9600.1		9700.1
225				2		8		100		9600.1		9700.1
224				2		1		100		9700.1		9800.1
220				2		5		100		9700.1		9800.1
223				2		2		100		9700.1		9800.1
219				2		6		100		9700.1		9800.1
222				2		3		100		9700.1		9800.1
218				2		7		100		9700.1		9800.1
221				2		4		100		9700.1		9800.1
217				2		8		100		9700.1		9800.1
216				2		1		100		9800.1		9900.1
212				2		5		100		9800.1		9900.1
215				2		2		100		9800.1		9900.1
211				2		6		100		9800.1		9900.1
214				2		3		100		9800.1		9900.1
210				2		7		100		9800.1		9900.1
213				2		4		100		9800.1		9900.1
209				2		8		100		9800.1		9900.1
208				2		1		100		9900.1		10000.1
204				2		5		100		9900.1		10000.1
207				2		2		100		9900.1		10000.1
203				2		6		100		9900.1		10000.1
206				2		3		100		9900.1		10000.1
202				2		7		100		9900.1		10000.1
205				2		4		100		9900.1		10000.1
201				2		8		100		9900.1		10000.1
200				2		1		100		10000.1		10100.1
196				2		5		100		10000.1		10100.1
199				2		2		100		10000.1		10100.1
195				2		6		100		10000.1		10100.1
198				2		3		100		10000.1		10100.1
194				2		7		100		10000.1		10100.1
197				2		4		100		10000.1		10100.1
193				2		8		100		10000.1		10100.1
192				2		1		100		10100.1		10200.1
188				2		5		100		10100.1		10200.1
191				2		2		100		10100.1		10200.1
187				2		6		100		10100.1		10200.1
190				2		3		100		10100.1		10200.1
186				2		7		100		10100.1		10200.1
189				2		4		100		10100.1		10200.1
185				2		8		100		10100.1		10200.1
184				2		1		100		10200.1		10300.1
180				2		5		100		10200.1		10300.1
183				2		2		100		10200.1		10300.1
179				2		6		100		10200.1		10300.1
182				2		3		100		10200.1		10300.1
178				2		7		100		10200.1		10300.1
181				2		4		100		10200.1		10300.1
177				2		8		100		10200.1		10300.1
176				2		1		100		10300.1		10400.1
172				2		5		100		10300.1		10400.1
175				2		2		100		10300.1		10400.1
171				2		6		100		10300.1		10400.1
174				2		3		100		10300.1		10400.1
170				2		7		100		10300.1		10400.1
173				2		4		100		10300.1		10400.1
169				2		8		100		10300.1		10400.1
168				2		1		100		10400.1		10500.1
164				2		5		100		10400.1		10500.1
167				2		2		100		10400.1		10500.1
163				2		6		100		10400.1		10500.1
166				2		3		100		10400.1		10500.1
162				2		7		100		10400.1		10500.1
165				2		4		100		10400.1		10500.1
161				2		8		100		10400.1		10500.1
160				2		1		100		10500.1		10600.1
156				2		5		100		10500.1		10600.1
159				2		2		100		10500.1		10600.1
155				2		6		100		10500.1		10600.1
158				2		3		100		10500.1		10600.1
154				2		7		100		10500.1		10600.1
157				2		4		100		10500.1		10600.1
153				2		8		100		10500.1		10600.1
152				2		1		100		10600.1		10700.1
148				2		5		100		10600.1		10700.1
151				2		2		100		10600.1		10700.1
147				2		6		100		10600.1		10700.1
150				2		3		100		10600.1		10700.1
146				2		7		100		10600.1		10700.1
149				2		4		100		10600.1		10700.1
145				2		8		100		10600.1		10700.1
144				2		1		100		10700.1		10800.1
140				2		5		100		10700.1		10800.1
143				2		2		100		10700.1		10800.1
139				2		6		100		10700.1		10800.1
142				2		3		100		10700.1		10800.1
138				2		7		100		10700.1		10800.1
141				2		4		100		10700.1		10800.1
137				2		8		100		10700.1		10800.1
136				2		1		100		10800.1		10900.1
132				2		5		100		10800.1		10900.1
135				2		2		100		10800.1		10900.1
131				2		6		100		10800.1		10900.1
134				2		3		100		10800.1		10900.1
130				2		7		100		10800.1		10900.1
133				2		4		100		10800.1		10900.1
129				2		8		100		10800.1		10900.1
128				2		1		100		10900.1		11000.1
124				2		5		100		10900.1		11000.1
127				2		2		100		10900.1		11000.1
123				2		6		100		10900.1		11000.1
126				2		3		100		10900.1		11000.1
122				2		7		100		10900.1		11000.1
125				2		4		100		10900.1		11000.1
121				2		8		100		10900.1		11000.1
120				2		1		100		11000.1		11100.1
116				2		5		100		11000.1		11100.1
119				2		2		100		11000.1		11100.1
115				2		6		100		11000.1		11100.1
118				2		3		100		11000.1		11100.1
114				2		7		100		11000.1		11100.1
117				2		4		100		11000.1		11100.1
113				2		8		100		11000.1		11100.1
112				2		1		100		11100.1		11200.1
108				2		5		100		11100.1		11200.1
111				2		2		100		11100.1		11200.1
107				2		6		100		11100.1		11200.1
110				2		3		100		11100.1		11200.1
106				2		7		100		11100.1		11200.1
109				2		4		100		11100.1		11200.1
105				2		8		100		11100.1		11200.1
104				2		1		100		11200.1		11300.1
100				2		5		100		11200.1		11300.1
103				2		2		100		11200.1		11300.1
99				2		6		100		11200.1		11300.1
102				2		3		100		11200.1		11300.1
98				2		7		100		11200.1		11300.1
101				2		4		100		11200.1		11300.1
97				2		8		100		11200.1		11300.1
96				2		1		100		11300.1		11400.1
92				2		5		100		11300.1		11400.1
95				2		2		100		11300.1		11400.1
91				2		6		100		11300.1		11400.1
94				2		3		100		11300.1		11400.1
90				2		7		100		11300.1		11400.1
93				2		4		100		11300.1		11400.1
89				2		8		100		11300.1		11400.1
88				2		1		100		11400.1		11500.1
84				2		5		100		11400.1		11500.1
87				2		2		100		11400.1		11500.1
83				2		6		100		11400.1		11500.1
86				2		3		100		11400.1		11500.1
82				2		7		100		11400.1		11500.1
85				2		4		100		11400.1		11500.1
81				2		8		100		11400.1		11500.1
80				2		1		100		11500.1		11600.1
76				2		5		100		11500.1		11600.1
79				2		2		100		11500.1		11600.1
75				2		6		100		11500.1		11600.1
78				2		3		100		11500.1		11600.1
74				2		7		100		11500.1		11600.1
77				2		4		100		11500.1		11600.1
73				2		8		100		11500.1		11600.1
72				2		1		100		11600.1		11700.1
68				2		5		100		11600.1		11700.1
71				2		2		100		11600.1		11700.1
67				2		6		100		11600.1		11700.1
70				2		3		100		11600.1		11700.1
66				2		7		100		11600.1		11700.1
69				2		4		100		11600.1		11700.1
65				2		8		100		11600.1		11700.1
64				2		1		100		11700.1		11800.1
60				2		5		100		11700.1		11800.1
63				2		2		100		11700.1		11800.1
59				2		6		100		11700.1		11800.1
62				2		3		100		11700.1		11800.1
58				2		7		100		11700.1		11800.1
61				2		4		100		11700.1		11800.1
57				2		8		100		11700.1		11800.1
56				2		1		100		11800.1		11900.1
52				2		5		100		11800.1		11900.1
55				2		2		100		11800.1		11900.1
51				2		6		100		11800.1		11900.1
54				2		3		100		11800.1		11900.1
50				2		7		100		11800.1		11900.1
53				2		4		100		11800.1		11900.1
49				2		8		100		11800.1		11900.1
48				2		1		100		11900.1		12000.1
44				2		5		100		11900.1		12000.1
47				2		2		100		11900.1		12000.1
43				2		6		100		11900.1		12000.1
46				2		3		100		11900.1		12000.1
42				2		7		100		11900.1		12000.1
45				2		4		100		11900.1		12000.1
41				2		8		100		11900.1		12000.1
40				2		1		100		12000.1		12100.1
36				2		5		100		12000.1		12100.1
39				2		2		100		12000.1		12100.1
35				2		6		100		12000.1		12100.1
38				2		3		100		12000.1		12100.1
34				2		7		100		12000.1		12100.1
37				2		4		100		12000.1		12100.1
33				2		8		100		12000.1		12100.1
32				2		1		100		12100.1		12200.1
28				2		5		100		12100.1		12200.1
31				2		2		100		12100.1		12200.1
27				2		6		100		12100.1		12200.1
30				2		3		100		12100.1		12200.1
26				2		7		100		12100.1		12200.1
29				2		4		100		12100.1		12200.1
25				2		8		100		12100.1		12200.1
24				2		1		100		12200.1		12300.1
20				2		5		100		12200.1		12300.1
23				2		2		100		12200.1		12300.1
19				2		6		100		12200.1		12300.1
22				2		3		100		12200.1		12300.1
18				2		7		100		12200.1		12300.1
21				2		4		100		12200.1		12300.1
17				2		8		100		12200.1		12300.1
16				2		1		100		12300.1		12400.1
12				2		5		100		12300.1		12400.1
15				2		2		100		12300.1		12400.1
11				2		6		100		12300.1		12400.1
14				2		3		100		12300.1		12400.1
10				2		7		100		12300.1		12400.1
13				2		4		100		12300.1		12400.1
9				2		8		100		12300.1		12400.1
8				2		1		100		12400.1		12500.1
4				2		5		100		12400.1		12500.1
7				2		2		100		12400.1		12500.1
3				2		6		100		12400.1		12500.1
6				2		3		100		12400.1		12500.1
2				2		7		100		12400.1		12500.1
5				2		4		100		12400.1		12500.1
1				2		8		100		12400.1		12500.1
========== OUTPUT ==========
Cloudlet ID	Data center ID	VM ID	Time	Start Time	Finish Time
1000				2		1		25		0.1		25.1
999				2		2		25		0.1		25.1
998				2		1		25		25.1		50.1
997				2		2		25		25.1		50.1
996				2		1		25		50.1		75.1
995				2		2		25		50.1		75.1
994				2		1		25		75.1		100.1
993				2		2		25		75.1		100.1
992				2		1		25		100.1		125.1
991				2		2		25		100.1		125.1
990				2		1		25		125.1		150.1
989				2		2		25		125.1		150.1
988				2		1		25		150.1		175.1
987				2		2		25		150.1		175.1
986				2		1		25		175.1		200.1
985				2		2		25		175.1		200.1
984				2		1		25		200.1		225.1
983				2		2		25		200.1		225.1
982				2		1		25		225.1		250.1
981				2		2		25		225.1		250.1
980				2		1		25		250.1		275.1
979				2		2		25		250.1		275.1
978				2		1		25		275.1		300.1
977				2		2		25		275.1		300.1
976				2		1		25		300.1		325.1
975				2		2		25		300.1		325.1
974				2		1		25		325.1		350.1
973				2		2		25		325.1		350.1
972				2		1		25		350.1		375.1
971				2		2		25		350.1		375.1
970				2		1		25		375.1		400.1
969				2		2		25		375.1		400.1
968				2		1		25		400.1		425.1
967				2		2		25		400.1		425.1
966				2		1		25		425.1		450.1
965				2		2		25		425.1		450.1
964				2		1		25		450.1		475.1
963				2		2		25		450.1		475.1
962				2		1		25		475.1		500.1
961				2		2		25		475.1		500.1
960				2		1		25		500.1		525.1
959				2		2		25		500.1		525.1
958				2		1		25		525.1		550.1
957				2		2		25		525.1		550.1
956				2		1		25		550.1		575.1
955				2		2		25		550.1		575.1
954				2		1		25		575.1		600.1
953				2		2		25		575.1		600.1
952				2		1		25		600.1		625.1
951				2		2		25		600.1		625.1
950				2		1		25		625.1		650.1
949				2		2		25		625.1		650.1
948				2		1		25		650.1		675.1
947				2		2		25		650.1		675.1
946				2		1		25		675.1		700.1
945				2		2		25		675.1		700.1
944				2		1		25		700.1		725.1
943				2		2		25		700.1		725.1
942				2		1		25		725.1		750.1
941				2		2		25		725.1		750.1
940				2		1		25		750.1		775.1
939				2		2		25		750.1		775.1
938				2		1		25		775.1		800.1
937				2		2		25		775.1		800.1
936				2		1		25		800.1		825.1
935				2		2		25		800.1		825.1
934				2		1		25		825.1		850.1
933				2		2		25		825.1		850.1
932				2		1		25		850.1		875.1
931				2		2		25		850.1		875.1
930				2		1		25		875.1		900.1
929				2		2		25		875.1		900.1
928				2		1		25		900.1		925.1
927				2		2		25		900.1		925.1
926				2		1		25		925.1		950.1
925				2		2		25		925.1		950.1
924				2		1		25		950.1		975.1
923				2		2		25		950.1		975.1
922				2		1		25		975.1		1000.1
921				2		2		25		975.1		1000.1
920				2		1		25		1000.1		1025.1
919				2		2		25		1000.1		1025.1
918				2		1		25		1025.1		1050.1
917				2		2		25		1025.1		1050.1
916				2		1		25		1050.1		1075.1
915				2		2		25		1050.1		1075.1
914				2		1		25		1075.1		1100.1
913				2		2		25		1075.1		1100.1
912				2		1		25		1100.1		1125.1
911				2		2		25		1100.1		1125.1
910				2		1		25		1125.1		1150.1
909				2		2		25		1125.1		1150.1
908				2		1		25		1150.1		1175.1
907				2		2		25		1150.1		1175.1
906				2		1		25		1175.1		1200.1
905				2		2		25		1175.1		1200.1
904				2		1		25		1200.1		1225.1
903				2		2		25		1200.1		1225.1
902				2		1		25		1225.1		1250.1
901				2		2		25		1225.1		1250.1
900				2		1		25		1250.1		1275.1
899				2		2		25		1250.1		1275.1
898				2		1		25		1275.1		1300.1
897				2		2		25		1275.1		1300.1
896				2		1		25		1300.1		1325.1
895				2		2		25		1300.1		1325.1
894				2		1		25		1325.1		1350.1
893				2		2		25		1325.1		1350.1
892				2		1		25		1350.1		1375.1
891				2		2		25		1350.1		1375.1
890				2		1		25		1375.1		1400.1
889				2		2		25		1375.1		1400.1
888				2		1		25		1400.1		1425.1
887				2		2		25		1400.1		1425.1
886				2		1		25		1425.1		1450.1
885				2		2		25		1425.1		1450.1
884				2		1		25		1450.1		1475.1
883				2		2		25		1450.1		1475.1
882				2		1		25		1475.1		1500.1
881				2		2		25		1475.1		1500.1
880				2		1		25		1500.1		1525.1
879				2		2		25		1500.1		1525.1
878				2		1		25		1525.1		1550.1
877				2		2		25		1525.1		1550.1
876				2		1		25		1550.1		1575.1
875				2		2		25		1550.1		1575.1
874				2		1		25		1575.1		1600.1
873				2		2		25		1575.1		1600.1
872				2		1		25		1600.1		1625.1
871				2		2		25		1600.1		1625.1
870				2		1		25		1625.1		1650.1
869				2		2		25		1625.1		1650.1
868				2		1		25		1650.1		1675.1
867				2		2		25		1650.1		1675.1
866				2		1		25		1675.1		1700.1
865				2		2		25		1675.1		1700.1
864				2		1		25		1700.1		1725.1
863				2		2		25		1700.1		1725.1
862				2		1		25		1725.1		1750.1
861				2		2		25		1725.1		1750.1
860				2		1		25		1750.1		1775.1
859				2		2		25		1750.1		1775.1
858				2		1		25		1775.1		1800.1
857				2		2		25		1775.1		1800.1
856				2		1		25		1800.1		1825.1
855				2		2		25		1800.1		1825.1
854				2		1		25		1825.1		1850.1
853				2		2		25		1825.1		1850.1
852				2		1		25		1850.1		1875.1
851				2		2		25		1850.1		1875.1
850				2		1		25		1875.1		1900.1
849				2		2		25		1875.1		1900.1
848				2		1		25		1900.1		1925.1
847				2		2		25		1900.1		1925.1
846				2		1		25		1925.1		1950.1
845				2		2		25		1925.1		1950.1
844				2		1		25		1950.1		1975.1
843				2		2		25		1950.1		1975.1
842				2		1		25		1975.1		2000.1
841				2		2		25		1975.1		2000.1
840				2		1		25		2000.1		2025.1
839				2		2		25		2000.1		2025.1
838				2		1		25		2025.1		2050.1
837				2		2		25		2025.1		2050.1
836				2		1		25		2050.1		2075.1
835				2		2		25		2050.1		2075.1
834				2		1		25		2075.1		2100.1
833				2		2		25		2075.1		2100.1
832				2		1		25		2100.1		2125.1
831				2		2		25		2100.1		2125.1
830				2		1		25		2125.1		2150.1
829				2		2		25		2125.1		2150.1
828				2		1		25		2150.1		2175.1
827				2		2		25		2150.1		2175.1
826				2		1		25		2175.1		2200.1
825				2		2		25		2175.1		2200.1
824				2		1		25		2200.1		2225.1
823				2		2		25		2200.1		2225.1
822				2		1		25		2225.1		2250.1
821				2		2		25		2225.1		2250.1
820				2		1		25		2250.1		2275.1
819				2		2		25		2250.1		2275.1
818				2		1		25		2275.1		2300.1
817				2		2		25		2275.1		2300.1
816				2		1		25		2300.1		2325.1
815				2		2		25		2300.1		2325.1
814				2		1		25		2325.1		2350.1
813				2		2		25		2325.1		2350.1
812				2		1		25		2350.1		2375.1
811				2		2		25		2350.1		2375.1
810				2		1		25		2375.1		2400.1
809				2		2		25		2375.1		2400.1
808				2		1		25		2400.1		2425.1
807				2		2		25		2400.1		2425.1
806				2		1		25		2425.1		2450.1
805				2		2		25		2425.1		2450.1
804				2		1		25		2450.1		2475.1
803				2		2		25		2450.1		2475.1
802				2		1		25		2475.1		2500.1
801				2		2		25		2475.1		2500.1
800				2		1		25		2500.1		2525.1
799				2		2		25		2500.1		2525.1
798				2		1		25		2525.1		2550.1
797				2		2		25		2525.1		2550.1
796				2		1		25		2550.1		2575.1
795				2		2		25		2550.1		2575.1
794				2		1		25		2575.1		2600.1
793				2		2		25		2575.1		2600.1
792				2		1		25		2600.1		2625.1
791				2		2		25		2600.1		2625.1
790				2		1		25		2625.1		2650.1
789				2		2		25		2625.1		2650.1
788				2		1		25		2650.1		2675.1
787				2		2		25		2650.1		2675.1
786				2		1		25		2675.1		2700.1
785				2		2		25		2675.1		2700.1
784				2		1		25		2700.1		2725.1
783				2		2		25		2700.1		2725.1
782				2		1		25		2725.1		2750.1
781				2		2		25		2725.1		2750.1
780				2		1		25		2750.1		2775.1
779				2		2		25		2750.1		2775.1
778				2		1		25		2775.1		2800.1
777				2		2		25		2775.1		2800.1
776				2		1		25		2800.1		2825.1
775				2		2		25		2800.1		2825.1
774				2		1		25		2825.1		2850.1
773				2		2		25		2825.1		2850.1
772				2		1		25		2850.1		2875.1
771				2		2		25		2850.1		2875.1
770				2		1		25		2875.1		2900.1
769				2		2		25		2875.1		2900.1
768				2		1		25		2900.1		2925.1
767				2		2		25		2900.1		2925.1
766				2		1		25		2925.1		2950.1
765				2		2		25		2925.1		2950.1
764				2		1		25		2950.1		2975.1
763				2		2		25		2950.1		2975.1
762				2		1		25		2975.1		3000.1
761				2		2		25		2975.1		3000.1
760				2		1		25		3000.1		3025.1
759				2		2		25		3000.1		3025.1
758				2		1		25		3025.1		3050.1
757				2		2		25		3025.1		3050.1
756				2		1		25		3050.1		3075.1
755				2		2		25		3050.1		3075.1
754				2		1		25		3075.1		3100.1
753				2		2		25		3075.1		3100.1
752				2		1		25		3100.1		3125.1
751				2		2		25		3100.1		3125.1
750				2		1		25		3125.1		3150.1
749				2		2		25		3125.1		3150.1
748				2		1		25		3150.1		3175.1
747				2		2		25		3150.1		3175.1
746				2		1		25		3175.1		3200.1
745				2		2		25		3175.1		3200.1
744				2		1		25		3200.1		3225.1
743				2		2		25		3200.1		3225.1
742				2		1		25		3225.1		3250.1
741				2		2		25		3225.1		3250.1
740				2		1		25		3250.1		3275.1
739				2		2		25		3250.1		3275.1
738				2		1		25		3275.1		3300.1
737				2		2		25		3275.1		3300.1
736				2		1		25		3300.1		3325.1
735				2		2		25		3300.1		3325.1
734				2		1		25		3325.1		3350.1
733				2		2		25		3325.1		3350.1
732				2		1		25		3350.1		3375.1
731				2		2		25		3350.1		3375.1
730				2		1		25		3375.1		3400.1
729				2		2		25		3375.1		3400.1
728				2		1		25		3400.1		3425.1
727				2		2		25		3400.1		3425.1
726				2		1		25		3425.1		3450.1
725				2		2		25		3425.1		3450.1
724				2		1		25		3450.1		3475.1
723				2		2		25		3450.1		3475.1
722				2		1		25		3475.1		3500.1
721				2		2		25		3475.1		3500.1
720				2		1		25		3500.1		3525.1
719				2		2		25		3500.1		3525.1
718				2		1		25		3525.1		3550.1
717				2		2		25		3525.1		3550.1
716				2		1		25		3550.1		3575.1
715				2		2		25		3550.1		3575.1
714				2		1		25		3575.1		3600.1
713				2		2		25		3575.1		3600.1
712				2		1		25		3600.1		3625.1
711				2		2		25		3600.1		3625.1
710				2		1		25		3625.1		3650.1
709				2		2		25		3625.1		3650.1
708				2		1		25		3650.1		3675.1
707				2		2		25		3650.1		3675.1
706				2		1		25		3675.1		3700.1
705				2		2		25		3675.1		3700.1
704				2		1		25		3700.1		3725.1
703				2		2		25		3700.1		3725.1
702				2		1		25		3725.1		3750.1
701				2		2		25		3725.1		3750.1
700				2		1		25		3750.1		3775.1
699				2		2		25		3750.1		3775.1
698				2		1		25		3775.1		3800.1
697				2		2		25		3775.1		3800.1
696				2		1		25		3800.1		3825.1
695				2		2		25		3800.1		3825.1
694				2		1		25		3825.1		3850.1
693				2		2		25		3825.1		3850.1
692				2		1		25		3850.1		3875.1
691				2		2		25		3850.1		3875.1
690				2		1		25		3875.1		3900.1
689				2		2		25		3875.1		3900.1
688				2		1		25		3900.1		3925.1
687				2		2		25		3900.1		3925.1
686				2		1		25		3925.1		3950.1
685				2		2		25		3925.1		3950.1
684				2		1		25		3950.1		3975.1
683				2		2		25		3950.1		3975.1
682				2		1		25		3975.1		4000.1
681				2		2		25		3975.1		4000.1
680				2		1		25		4000.1		4025.1
679				2		2		25		4000.1		4025.1
678				2		1		25		4025.1		4050.1
677				2		2		25		4025.1		4050.1
676				2		1		25		4050.1		4075.1
675				2		2		25		4050.1		4075.1
674				2		1		25		4075.1		4100.1
673				2		2		25		4075.1		4100.1
672				2		1		25		4100.1		4125.1
671				2		2		25		4100.1		4125.1
670				2		1		25		4125.1		4150.1
669				2		2		25		4125.1		4150.1
668				2		1		25		4150.1		4175.1
667				2		2		25		4150.1		4175.1
666				2		1		25		4175.1		4200.1
665				2		2		25		4175.1		4200.1
664				2		1		25		4200.1		4225.1
663				2		2		25		4200.1		4225.1
662				2		1		25		4225.1		4250.1
661				2		2		25		4225.1		4250.1
660				2		1		25		4250.1		4275.1
659				2		2		25		4250.1		4275.1
658				2		1		25		4275.1		4300.1
657				2		2		25		4275.1		4300.1
656				2		1		25		4300.1		4325.1
655				2		2		25		4300.1		4325.1
654				2		1		25		4325.1		4350.1
653				2		2		25		4325.1		4350.1
652				2		1		25		4350.1		4375.1
651				2		2		25		4350.1		4375.1
650				2		1		25		4375.1		4400.1
649				2		2		25		4375.1		4400.1
648				2		1		25		4400.1		4425.1
647				2		2		25		4400.1		4425.1
646				2		1		25		4425.1		4450.1
645				2		2		25		4425.1		4450.1
644				2		1		25		4450.1		4475.1
643				2		2		25		4450.1		4475.1
642				2		1		25		4475.1		4500.1
641				2		2		25		4475.1		4500.1
640				2		1		25		4500.1		4525.1
639				2		2		25		4500.1		4525.1
638				2		1		25		4525.1		4550.1
637				2		2		25		4525.1		4550.1
636				2		1		25		4550.1		4575.1
635				2		2		25		4550.1		4575.1
634				2		1		25		4575.1		4600.1
633				2		2		25		4575.1		4600.1
632				2		1		25		4600.1		4625.1
631				2		2		25		4600.1		4625.1
630				2		1		25		4625.1		4650.1
629				2		2		25		4625.1		4650.1
628				2		1		25		4650.1		4675.1
627				2		2		25		4650.1		4675.1
626				2		1		25		4675.1		4700.1
625				2		2		25		4675.1		4700.1
624				2		1		25		4700.1		4725.1
623				2		2		25		4700.1		4725.1
622				2		1		25		4725.1		4750.1
621				2		2		25		4725.1		4750.1
620				2		1		25		4750.1		4775.1
619				2		2		25		4750.1		4775.1
618				2		1		25		4775.1		4800.1
617				2		2		25		4775.1		4800.1
616				2		1		25		4800.1		4825.1
615				2		2		25		4800.1		4825.1
614				2		1		25		4825.1		4850.1
613				2		2		25		4825.1		4850.1
612				2		1		25		4850.1		4875.1
611				2		2		25		4850.1		4875.1
610				2		1		25		4875.1		4900.1
609				2		2		25		4875.1		4900.1
608				2		1		25		4900.1		4925.1
607				2		2		25		4900.1		4925.1
606				2		1		25		4925.1		4950.1
605				2		2		25		4925.1		4950.1
604				2		1		25		4950.1		4975.1
603				2		2		25		4950.1		4975.1
602				2		1		25		4975.1		5000.1
601				2		2		25		4975.1		5000.1
600				2		1		25		5000.1		5025.1
599				2		2		25		5000.1		5025.1
598				2		1		25		5025.1		5050.1
597				2		2		25		5025.1		5050.1
596				2		1		25		5050.1		5075.1
595				2		2		25		5050.1		5075.1
594				2		1		25		5075.1		5100.1
593				2		2		25		5075.1		5100.1
592				2		1		25		5100.1		5125.1
591				2		2		25		5100.1		5125.1
590				2		1		25		5125.1		5150.1
589				2		2		25		5125.1		5150.1
588				2		1		25		5150.1		5175.1
587				2		2		25		5150.1		5175.1
586				2		1		25		5175.1		5200.1
585				2		2		25		5175.1		5200.1
584				2		1		25		5200.1		5225.1
583				2		2		25		5200.1		5225.1
582				2		1		25		5225.1		5250.1
581				2		2		25		5225.1		5250.1
580				2		1		25		5250.1		5275.1
579				2		2		25		5250.1		5275.1
578				2		1		25		5275.1		5300.1
577				2		2		25		5275.1		5300.1
576				2		1		25		5300.1		5325.1
575				2		2		25		5300.1		5325.1
574				2		1		25		5325.1		5350.1
573				2		2		25		5325.1		5350.1
572				2		1		25		5350.1		5375.1
571				2		2		25		5350.1		5375.1
570				2		1		25		5375.1		5400.1
569				2		2		25		5375.1		5400.1
568				2		1		25		5400.1		5425.1
567				2		2		25		5400.1		5425.1
566				2		1		25		5425.1		5450.1
565				2		2		25		5425.1		5450.1
564				2		1		25		5450.1		5475.1
563				2		2		25		5450.1		5475.1
562				2		1		25		5475.1		5500.1
561				2		2		25		5475.1		5500.1
560				2		1		25		5500.1		5525.1
559				2		2		25		5500.1		5525.1
558				2		1		25		5525.1		5550.1
557				2		2		25		5525.1		5550.1
556				2		1		25		5550.1		5575.1
555				2		2		25		5550.1		5575.1
554				2		1		25		5575.1		5600.1
553				2		2		25		5575.1		5600.1
552				2		1		25		5600.1		5625.1
551				2		2		25		5600.1		5625.1
550				2		1		25		5625.1		5650.1
549				2		2		25		5625.1		5650.1
548				2		1		25		5650.1		5675.1
547				2		2		25		5650.1		5675.1
546				2		1		25		5675.1		5700.1
545				2		2		25		5675.1		5700.1
544				2		1		25		5700.1		5725.1
543				2		2		25		5700.1		5725.1
542				2		1		25		5725.1		5750.1
541				2		2		25		5725.1		5750.1
540				2		1		25		5750.1		5775.1
539				2		2		25		5750.1		5775.1
538				2		1		25		5775.1		5800.1
537				2		2		25		5775.1		5800.1
536				2		1		25		5800.1		5825.1
535				2		2		25		5800.1		5825.1
534				2		1		25		5825.1		5850.1
533				2		2		25		5825.1		5850.1
532				2		1		25		5850.1		5875.1
531				2		2		25		5850.1		5875.1
530				2		1		25		5875.1		5900.1
529				2		2		25		5875.1		5900.1
528				2		1		25		5900.1		5925.1
527				2		2		25		5900.1		5925.1
526				2		1		25		5925.1		5950.1
525				2		2		25		5925.1		5950.1
524				2		1		25		5950.1		5975.1
523				2		2		25		5950.1		5975.1
522				2		1		25		5975.1		6000.1
521				2		2		25		5975.1		6000.1
520				2		1		25		6000.1		6025.1
519				2		2		25		6000.1		6025.1
518				2		1		25		6025.1		6050.1
517				2		2		25		6025.1		6050.1
516				2		1		25		6050.1		6075.1
515				2		2		25		6050.1		6075.1
514				2		1		25		6075.1		6100.1
513				2		2		25		6075.1		6100.1
512				2		1		25		6100.1		6125.1
511				2		2		25		6100.1		6125.1
510				2		1		25		6125.1		6150.1
509				2		2		25		6125.1		6150.1
508				2		1		25		6150.1		6175.1
507				2		2		25		6150.1		6175.1
506				2		1		25		6175.1		6200.1
505				2		2		25		6175.1		6200.1
504				2		1		25		6200.1		6225.1
503				2		2		25		6200.1		6225.1
502				2		1		25		6225.1		6250.1
501				2		2		25		6225.1		6250.1
500				2		1		25		6250.1		6275.1
499				2		2		25		6250.1		6275.1
498				2		1		25		6275.1		6300.1
497				2		2		25		6275.1		6300.1
496				2		1		25		6300.1		6325.1
495				2		2		25		6300.1		6325.1
494				2		1		25		6325.1		6350.1
493				2		2		25		6325.1		6350.1
492				2		1		25		6350.1		6375.1
491				2		2		25		6350.1		6375.1
490				2		1		25		6375.1		6400.1
489				2		2		25		6375.1		6400.1
488				2		1		25		6400.1		6425.1
487				2		2		25		6400.1		6425.1
486				2		1		25		6425.1		6450.1
485				2		2		25		6425.1		6450.1
484				2		1		25		6450.1		6475.1
483				2		2		25		6450.1		6475.1
482				2		1		25		6475.1		6500.1
481				2		2		25		6475.1		6500.1
480				2		1		25		6500.1		6525.1
479				2		2		25		6500.1		6525.1
478				2		1		25		6525.1		6550.1
477				2		2		25		6525.1		6550.1
476				2		1		25		6550.1		6575.1
475				2		2		25		6550.1		6575.1
474				2		1		25		6575.1		6600.1
473				2		2		25		6575.1		6600.1
472				2		1		25		6600.1		6625.1
471				2		2		25		6600.1		6625.1
470				2		1		25		6625.1		6650.1
469				2		2		25		6625.1		6650.1
468				2		1		25		6650.1		6675.1
467				2		2		25		6650.1		6675.1
466				2		1		25		6675.1		6700.1
465				2		2		25		6675.1		6700.1
464				2		1		25		6700.1		6725.1
463				2		2		25		6700.1		6725.1
462				2		1		25		6725.1		6750.1
461				2		2		25		6725.1		6750.1
460				2		1		25		6750.1		6775.1
459				2		2		25		6750.1		6775.1
458				2		1		25		6775.1		6800.1
457				2		2		25		6775.1		6800.1
456				2		1		25		6800.1		6825.1
455				2		2		25		6800.1		6825.1
454				2		1		25		6825.1		6850.1
453				2		2		25		6825.1		6850.1
452				2		1		25		6850.1		6875.1
451				2		2		25		6850.1		6875.1
450				2		1		25		6875.1		6900.1
449				2		2		25		6875.1		6900.1
448				2		1		25		6900.1		6925.1
447				2		2		25		6900.1		6925.1
446				2		1		25		6925.1		6950.1
445				2		2		25		6925.1		6950.1
444				2		1		25		6950.1		6975.1
443				2		2		25		6950.1		6975.1
442				2		1		25		6975.1		7000.1
441				2		2		25		6975.1		7000.1
440				2		1		25		7000.1		7025.1
439				2		2		25		7000.1		7025.1
438				2		1		25		7025.1		7050.1
437				2		2		25		7025.1		7050.1
436				2		1		25		7050.1		7075.1
435				2		2		25		7050.1		7075.1
434				2		1		25		7075.1		7100.1
433				2		2		25		7075.1		7100.1
432				2		1		25		7100.1		7125.1
431				2		2		25		7100.1		7125.1
430				2		1		25		7125.1		7150.1
429				2		2		25		7125.1		7150.1
428				2		1		25		7150.1		7175.1
427				2		2		25		7150.1		7175.1
426				2		1		25		7175.1		7200.1
425				2		2		25		7175.1		7200.1
424				2		1		25		7200.1		7225.1
423				2		2		25		7200.1		7225.1
422				2		1		25		7225.1		7250.1
421				2		2		25		7225.1		7250.1
420				2		1		25		7250.1		7275.1
419				2		2		25		7250.1		7275.1
418				2		1		25		7275.1		7300.1
417				2		2		25		7275.1		7300.1
416				2		1		25		7300.1		7325.1
415				2		2		25		7300.1		7325.1
414				2		1		25		7325.1		7350.1
413				2		2		25		7325.1		7350.1
412				2		1		25		7350.1		7375.1
411				2		2		25		7350.1		7375.1
410				2		1		25		7375.1		7400.1
409				2		2		25		7375.1		7400.1
408				2		1		25		7400.1		7425.1
407				2		2		25		7400.1		7425.1
406				2		1		25		7425.1		7450.1
405				2		2		25		7425.1		7450.1
404				2		1		25		7450.1		7475.1
403				2		2		25		7450.1		7475.1
402				2		1		25		7475.1		7500.1
401				2		2		25		7475.1		7500.1
400				2		1		25		7500.1		7525.1
399				2		2		25		7500.1		7525.1
398				2		1		25		7525.1		7550.1
397				2		2		25		7525.1		7550.1
396				2		1		25		7550.1		7575.1
395				2		2		25		7550.1		7575.1
394				2		1		25		7575.1		7600.1
393				2		2		25		7575.1		7600.1
392				2		1		25		7600.1		7625.1
391				2		2		25		7600.1		7625.1
390				2		1		25		7625.1		7650.1
389				2		2		25		7625.1		7650.1
388				2		1		25		7650.1		7675.1
387				2		2		25		7650.1		7675.1
386				2		1		25		7675.1		7700.1
385				2		2		25		7675.1		7700.1
384				2		1		25		7700.1		7725.1
383				2		2		25		7700.1		7725.1
382				2		1		25		7725.1		7750.1
381				2		2		25		7725.1		7750.1
380				2		1		25		7750.1		7775.1
379				2		2		25		7750.1		7775.1
378				2		1		25		7775.1		7800.1
377				2		2		25		7775.1		7800.1
376				2		1		25		7800.1		7825.1
375				2		2		25		7800.1		7825.1
374				2		1		25		7825.1		7850.1
373				2		2		25		7825.1		7850.1
372				2		1		25		7850.1		7875.1
371				2		2		25		7850.1		7875.1
370				2		1		25		7875.1		7900.1
369				2		2		25		7875.1		7900.1
368				2		1		25		7900.1		7925.1
367				2		2		25		7900.1		7925.1
366				2		1		25		7925.1		7950.1
365				2		2		25		7925.1		7950.1
364				2		1		25		7950.1		7975.1
363				2		2		25		7950.1		7975.1
362				2		1		25		7975.1		8000.1
361				2		2		25		7975.1		8000.1
360				2		1		25		8000.1		8025.1
359				2		2		25		8000.1		8025.1
358				2		1		25		8025.1		8050.1
357				2		2		25		8025.1		8050.1
356				2		1		25		8050.1		8075.1
355				2		2		25		8050.1		8075.1
354				2		1		25		8075.1		8100.1
353				2		2		25		8075.1		8100.1
352				2		1		25		8100.1		8125.1
351				2		2		25		8100.1		8125.1
350				2		1		25		8125.1		8150.1
349				2		2		25		8125.1		8150.1
348				2		1		25		8150.1		8175.1
347				2		2		25		8150.1		8175.1
346				2		1		25		8175.1		8200.1
345				2		2		25		8175.1		8200.1
344				2		1		25		8200.1		8225.1
343				2		2		25		8200.1		8225.1
342				2		1		25		8225.1		8250.1
341				2		2		25		8225.1		8250.1
340				2		1		25		8250.1		8275.1
339				2		2		25		8250.1		8275.1
338				2		1		25		8275.1		8300.1
337				2		2		25		8275.1		8300.1
336				2		1		25		8300.1		8325.1
335				2		2		25		8300.1		8325.1
334				2		1		25		8325.1		8350.1
333				2		2		25		8325.1		8350.1
332				2		1		25		8350.1		8375.1
331				2		2		25		8350.1		8375.1
330				2		1		25		8375.1		8400.1
329				2		2		25		8375.1		8400.1
328				2		1		25		8400.1		8425.1
327				2		2		25		8400.1		8425.1
326				2		1		25		8425.1		8450.1
325				2		2		25		8425.1		8450.1
324				2		1		25		8450.1		8475.1
323				2		2		25		8450.1		8475.1
322				2		1		25		8475.1		8500.1
321				2		2		25		8475.1		8500.1
320				2		1		25		8500.1		8525.1
319				2		2		25		8500.1		8525.1
318				2		1		25		8525.1		8550.1
317				2		2		25		8525.1		8550.1
316				2		1		25		8550.1		8575.1
315				2		2		25		8550.1		8575.1
314				2		1		25		8575.1		8600.1
313				2		2		25		8575.1		8600.1
312				2		1		25		8600.1		8625.1
311				2		2		25		8600.1		8625.1
310				2		1		25		8625.1		8650.1
309				2		2		25		8625.1		8650.1
308				2		1		25		8650.1		8675.1
307				2		2		25		8650.1		8675.1
306				2		1		25		8675.1		8700.1
305				2		2		25		8675.1		8700.1
304				2		1		25		8700.1		8725.1
303				2		2		25		8700.1		8725.1
302				2		1		25		8725.1		8750.1
301				2		2		25		8725.1		8750.1
300				2		1		25		8750.1		8775.1
299				2		2		25		8750.1		8775.1
298				2		1		25		8775.1		8800.1
297				2		2		25		8775.1		8800.1
296				2		1		25		8800.1		8825.1
295				2		2		25		8800.1		8825.1
294				2		1		25		8825.1		8850.1
293				2		2		25		8825.1		8850.1
292				2		1		25		8850.1		8875.1
291				2		2		25		8850.1		8875.1
290				2		1		25		8875.1		8900.1
289				2		2		25		8875.1		8900.1
288				2		1		25		8900.1		8925.1
287				2		2		25		8900.1		8925.1
286				2		1		25		8925.1		8950.1
285				2		2		25		8925.1		8950.1
284				2		1		25		8950.1		8975.1
283				2		2		25		8950.1		8975.1
282				2		1		25		8975.1		9000.1
281				2		2		25		8975.1		9000.1
280				2		1		25		9000.1		9025.1
279				2		2		25		9000.1		9025.1
278				2		1		25		9025.1		9050.1
277				2		2		25		9025.1		9050.1
276				2		1		25		9050.1		9075.1
275				2		2		25		9050.1		9075.1
274				2		1		25		9075.1		9100.1
273				2		2		25		9075.1		9100.1
272				2		1		25		9100.1		9125.1
271				2		2		25		9100.1		9125.1
270				2		1		25		9125.1		9150.1
269				2		2		25		9125.1		9150.1
268				2		1		25		9150.1		9175.1
267				2		2		25		9150.1		9175.1
266				2		1		25		9175.1		9200.1
265				2		2		25		9175.1		9200.1
264				2		1		25		9200.1		9225.1
263				2		2		25		9200.1		9225.1
262				2		1		25		9225.1		9250.1
261				2		2		25		9225.1		9250.1
260				2		1		25		9250.1		9275.1
259				2		2		25		9250.1		9275.1
258				2		1		25		9275.1		9300.1
257				2		2		25		9275.1		9300.1
256				2		1		25		9300.1		9325.1
255				2		2		25		9300.1		9325.1
254				2		1		25		9325.1		9350.1
253				2		2		25		9325.1		9350.1
252				2		1		25		9350.1		9375.1
251				2		2		25		9350.1		9375.1
250				2		1		25		9375.1		9400.1
249				2		2		25		9375.1		9400.1
248				2		1		25		9400.1		9425.1
247				2		2		25		9400.1		9425.1
246				2		1		25		9425.1		9450.1
245				2		2		25		9425.1		9450.1
244				2		1		25		9450.1		9475.1
243				2		2		25		9450.1		9475.1
242				2		1		25		9475.1		9500.1
241				2		2		25		9475.1		9500.1
240				2		1		25		9500.1		9525.1
239				2		2		25		9500.1		9525.1
238				2		1		25		9525.1		9550.1
237				2		2		25		9525.1		9550.1
236				2		1		25		9550.1		9575.1
235				2		2		25		9550.1		9575.1
234				2		1		25		9575.1		9600.1
233				2		2		25		9575.1		9600.1
232				2		1		25		9600.1		9625.1
231				2		2		25		9600.1		9625.1
230				2		1		25		9625.1		9650.1
229				2		2		25		9625.1		9650.1
228				2		1		25		9650.1		9675.1
227				2		2		25		9650.1		9675.1
226				2		1		25		9675.1		9700.1
225				2		2		25		9675.1		9700.1
224				2		1		25		9700.1		9725.1
223				2		2		25		9700.1		9725.1
222				2		1		25		9725.1		9750.1
221				2		2		25		9725.1		9750.1
220				2		1		25		9750.1		9775.1
219				2		2		25		9750.1		9775.1
218				2		1		25		9775.1		9800.1
217				2		2		25		9775.1		9800.1
216				2		1		25		9800.1		9825.1
215				2		2		25		9800.1		9825.1
214				2		1		25		9825.1		9850.1
213				2		2		25		9825.1		9850.1
212				2		1		25		9850.1		9875.1
211				2		2		25		9850.1		9875.1
210				2		1		25		9875.1		9900.1
209				2		2		25		9875.1		9900.1
208				2		1		25		9900.1		9925.1
207				2		2		25		9900.1		9925.1
206				2		1		25		9925.1		9950.1
205				2		2		25		9925.1		9950.1
204				2		1		25		9950.1		9975.1
203				2		2		25		9950.1		9975.1
202				2		1		25		9975.1		10000.1
201				2		2		25		9975.1		10000.1
200				2		1		25		10000.1		10025.1
199				2		2		25		10000.1		10025.1
198				2		1		25		10025.1		10050.1
197				2		2		25		10025.1		10050.1
196				2		1		25		10050.1		10075.1
195				2		2		25		10050.1		10075.1
194				2		1		25		10075.1		10100.1
193				2		2		25		10075.1		10100.1
192				2		1		25		10100.1		10125.1
191				2		2		25		10100.1		10125.1
190				2		1		25		10125.1		10150.1
189				2		2		25		10125.1		10150.1
188				2		1		25		10150.1		10175.1
187				2		2		25		10150.1		10175.1
186				2		1		25		10175.1		10200.1
185				2		2		25		10175.1		10200.1
184				2		1		25		10200.1		10225.1
183				2		2		25		10200.1		10225.1
182				2		1		25		10225.1		10250.1
181				2		2		25		10225.1		10250.1
180				2		1		25		10250.1		10275.1
179				2		2		25		10250.1		10275.1
178				2		1		25		10275.1		10300.1
177				2		2		25		10275.1		10300.1
176				2		1		25		10300.1		10325.1
175				2		2		25		10300.1		10325.1
174				2		1		25		10325.1		10350.1
173				2		2		25		10325.1		10350.1
172				2		1		25		10350.1		10375.1
171				2		2		25		10350.1		10375.1
170				2		1		25		10375.1		10400.1
169				2		2		25		10375.1		10400.1
168				2		1		25		10400.1		10425.1
167				2		2		25		10400.1		10425.1
166				2		1		25		10425.1		10450.1
165				2		2		25		10425.1		10450.1
164				2		1		25		10450.1		10475.1
163				2		2		25		10450.1		10475.1
162				2		1		25		10475.1		10500.1
161				2		2		25		10475.1		10500.1
160				2		1		25		10500.1		10525.1
159				2		2		25		10500.1		10525.1
158				2		1		25		10525.1		10550.1
157				2		2		25		10525.1		10550.1
156				2		1		25		10550.1		10575.1
155				2		2		25		10550.1		10575.1
154				2		1		25		10575.1		10600.1
153				2		2		25		10575.1		10600.1
152				2		1		25		10600.1		10625.1
151				2		2		25		10600.1		10625.1
150				2		1		25		10625.1		10650.1
149				2		2		25		10625.1		10650.1
148				2		1		25		10650.1		10675.1
147				2		2		25		10650.1		10675.1
146				2		1		25		10675.1		10700.1
145				2		2		25		10675.1		10700.1
144				2		1		25		10700.1		10725.1
143				2		2		25		10700.1		10725.1
142				2		1		25		10725.1		10750.1
141				2		2		25		10725.1		10750.1
140				2		1		25		10750.1		10775.1
139				2		2		25		10750.1		10775.1
138				2		1		25		10775.1		10800.1
137				2		2		25		10775.1		10800.1
136				2		1		25		10800.1		10825.1
135				2		2		25		10800.1		10825.1
134				2		1		25		10825.1		10850.1
133				2		2		25		10825.1		10850.1
132				2		1		25		10850.1		10875.1
131				2		2		25		10850.1		10875.1
130				2		1		25		10875.1		10900.1
129				2		2		25		10875.1		10900.1
128				2		1		25		10900.1		10925.1
127				2		2		25		10900.1		10925.1
126				2		1		25		10925.1		10950.1
125				2		2		25		10925.1		10950.1
124				2		1		25		10950.1		10975.1
123				2		2		25		10950.1		10975.1
122				2		1		25		10975.1		11000.1
121				2		2		25		10975.1		11000.1
120				2		1		25		11000.1		11025.1
119				2		2		25		11000.1		11025.1
118				2		1		25		11025.1		11050.1
117				2		2		25		11025.1		11050.1
116				2		1		25		11050.1		11075.1
115				2		2		25		11050.1		11075.1
114				2		1		25		11075.1		11100.1
113				2		2		25		11075.1		11100.1
112				2		1		25		11100.1		11125.1
111				2		2		25		11100.1		11125.1
110				2		1		25		11125.1		11150.1
109				2		2		25		11125.1		11150.1
108				2		1		25		11150.1		11175.1
107				2		2		25		11150.1		11175.1
106				2		1		25		11175.1		11200.1
105				2		2		25		11175.1		11200.1
104				2		1		25		11200.1		11225.1
103				2		2		25		11200.1		11225.1
102				2		1		25		11225.1		11250.1
101				2		2		25		11225.1		11250.1
100				2		1		25		11250.1		11275.1
99				2		2		25		11250.1		11275.1
98				2		1		25		11275.1		11300.1
97				2		2		25		11275.1		11300.1
96				2		1		25		11300.1		11325.1
95				2		2		25		11300.1		11325.1
94				2		1		25		11325.1		11350.1
93				2		2		25		11325.1		11350.1
92				2		1		25		11350.1		11375.1
91				2		2		25		11350.1		11375.1
90				2		1		25		11375.1		11400.1
89				2		2		25		11375.1		11400.1
88				2		1		25		11400.1		11425.1
87				2		2		25		11400.1		11425.1
86				2		1		25		11425.1		11450.1
85				2		2		25		11425.1		11450.1
84				2		1		25		11450.1		11475.1
83				2		2		25		11450.1		11475.1
82				2		1		25		11475.1		11500.1
81				2		2		25		11475.1		11500.1
80				2		1		25		11500.1		11525.1
79				2		2		25		11500.1		11525.1
78				2		1		25		11525.1		11550.1
77				2		2		25		11525.1		11550.1
76				2		1		25		11550.1		11575.1
75				2		2		25		11550.1		11575.1
74				2		1		25		11575.1		11600.1
73				2		2		25		11575.1		11600.1
72				2		1		25		11600.1		11625.1
71				2		2		25		11600.1		11625.1
70				2		1		25		11625.1		11650.1
69				2		2		25		11625.1		11650.1
68				2		1		25		11650.1		11675.1
67				2		2		25		11650.1		11675.1
66				2		1		25		11675.1		11700.1
65				2		2		25		11675.1		11700.1
64				2		1		25		11700.1		11725.1
63				2		2		25		11700.1		11725.1
62				2		1		25		11725.1		11750.1
61				2		2		25		11725.1		11750.1
60				2		1		25		11750.1		11775.1
59				2		2		25		11750.1		11775.1
58				2		1		25		11775.1		11800.1
57				2		2		25		11775.1		11800.1
56				2		1		25		11800.1		11825.1
55				2		2		25		11800.1		11825.1
54				2		1		25		11825.1		11850.1
53				2		2		25		11825.1		11850.1
52				2		1		25		11850.1		11875.1
51				2		2		25		11850.1		11875.1
50				2		1		25		11875.1		11900.1
49				2		2		25		11875.1		11900.1
48				2		1		25		11900.1		11925.1
47				2		2		25		11900.1		11925.1
46				2		1		25		11925.1		11950.1
45				2		2		25		11925.1		11950.1
44				2		1		25		11950.1		11975.1
43				2		2		25		11950.1		11975.1
42				2		1		25		11975.1		12000.1
41				2		2		25		11975.1		12000.1
40				2		1		25		12000.1		12025.1
39				2		2		25		12000.1		12025.1
38				2		1		25		12025.1		12050.1
37				2		2		25		12025.1		12050.1
36				2		1		25		12050.1		12075.1
35				2		2		25		12050.1		12075.1
34				2		1		25		12075.1		12100.1
33				2		2		25		12075.1		12100.1
32				2		1		25		12100.1		12125.1
31				2		2		25		12100.1		12125.1
30				2		1		25		12125.1		12150.1
29				2		2		25		12125.1		12150.1
28				2		1		25		12150.1		12175.1
27				2		2		25		12150.1		12175.1
26				2		1		25		12175.1		12200.1
25				2		2		25		12175.1		12200.1
24				2		1		25		12200.1		12225.1
23				2		2		25		12200.1		12225.1
22				2		1		25		12225.1		12250.1
21				2		2		25		12225.1		12250.1
20				2		1		25		12250.1		12275.1
19				2		2		25		12250.1		12275.1
18				2		1		25		12275.1		12300.1
17				2		2		25		12275.1		12300.1
16				2		1		25		12300.1		12325.1
15				2		2		25		12300.1		12325.1
14				2		1		25		12325.1		12350.1
13				2		2		25		12325.1		12350.1
12				2		1		25		12350.1		12375.1
11				2		2		25		12350.1		12375.1
10				2		1		25		12375.1		12400.1
9				2		2		25		12375.1		12400.1
8				2		1		25		12400.1		12425.1
7				2		2		25		12400.1		12425.1
6				2		1		25		12425.1		12450.1
5				2		2		25		12425.1		12450.1
4				2		1		25		12450.1		12475.1
3				2		2		25		12450.1		12475.1
2				2		1		25		12475.1		12500.1
1				2		2		25		12475.1		12500.1
