========== OUTPUT ==========
Cloudlet ID	Data center ID	VM ID	Time	Start Time	Finish Time
1000				2		1		0.11		0.1		0.21
999				2		2		0.11		0.1		0.21
998				2		3		0.11		0.1		0.21
997				2		4		0.11		0.1		0.21
996				2		1		0.11		0.21		0.32
995				2		2		0.11		0.21		0.32
994				2		3		0.11		0.21		0.32
993				2		4		0.11		0.21		0.32
992				2		1		0.11		0.32		0.43
991				2		2		0.11		0.32		0.43
990				2		3		0.11		0.32		0.43
989				2		4		0.11		0.32		0.43
988				2		1		0.11		0.43		0.54
987				2		2		0.11		0.43		0.54
986				2		3		0.11		0.43		0.54
985				2		4		0.11		0.43		0.54
984				2		1		0.11		0.54		0.65
983				2		2		0.11		0.54		0.65
982				2		3		0.11		0.54		0.65
981				2		4		0.11		0.54		0.65
980				2		1		0.11		0.65		0.76
979				2		2		0.11		0.65		0.76
978				2		3		0.11		0.65		0.76
977				2		4		0.11		0.65		0.76
976				2		1		0.11		0.76		0.87
975				2		2		0.11		0.76		0.87
974				2		3		0.11		0.76		0.87
973				2		4		0.11		0.76		0.87
972				2		1		0.11		0.87		0.98
971				2		2		0.11		0.87		0.98
970				2		3		0.11		0.87		0.98
969				2		4		0.11		0.87		0.98
968				2		1		0.11		0.98		1.09
967				2		2		0.11		0.98		1.09
966				2		3		0.11		0.98		1.09
965				2		4		0.11		0.98		1.09
964				2		1		0.11		1.09		1.2
963				2		2		0.11		1.09		1.2
962				2		3		0.11		1.09		1.2
961				2		4		0.11		1.09		1.2
960				2		1		0.11		1.2		1.31
959				2		2		0.11		1.2		1.31
958				2		3		0.11		1.2		1.31
957				2		4		0.11		1.2		1.31
956				2		1		0.11		1.31		1.42
955				2		2		0.11		1.31		1.42
954				2		3		0.11		1.31		1.42
953				2		4		0.11		1.31		1.42
952				2		1		0.11		1.42		1.53
951				2		2		0.11		1.42		1.53
950				2		3		0.11		1.42		1.53
949				2		4		0.11		1.42		1.53
948				2		1		0.11		1.53		1.64
947				2		2		0.11		1.53		1.64
946				2		3		0.11		1.53		1.64
945				2		4		0.11		1.53		1.64
944				2		1		0.11		1.64		1.75
943				2		2		0.11		1.64		1.75
942				2		3		0.11		1.64		1.75
941				2		4		0.11		1.64		1.75
940				2		1		0.11		1.75		1.86
939				2		2		0.11		1.75		1.86
938				2		3		0.11		1.75		1.86
937				2		4		0.11		1.75		1.86
936				2		1		0.11		1.86		1.97
935				2		2		0.11		1.86		1.97
934				2		3		0.11		1.86		1.97
933				2		4		0.11		1.86		1.97
932				2		1		0.11		1.97		2.08
931				2		2		0.11		1.97		2.08
930				2		3		0.11		1.97		2.08
929				2		4		0.11		1.97		2.08
928				2		1		0.11		2.08		2.19
927				2		2		0.11		2.08		2.19
926				2		3		0.11		2.08		2.19
925				2		4		0.11		2.08		2.19
924				2		1		0.11		2.19		2.3
923				2		2		0.11		2.19		2.3
922				2		3		0.11		2.19		2.3
921				2		4		0.11		2.19		2.3
920				2		1		0.11		2.3		2.41
919				2		2		0.11		2.3		2.41
918				2		3		0.11		2.3		2.41
917				2		4		0.11		2.3		2.41
916				2		1		0.11		2.41		2.52
915				2		2		0.11		2.41		2.52
914				2		3		0.11		2.41		2.52
913				2		4		0.11		2.41		2.52
912				2		1		0.11		2.52		2.63
911				2		2		0.11		2.52		2.63
910				2		3		0.11		2.52		2.63
909				2		4		0.11		2.52		2.63
908				2		1		0.11		2.63		2.74
907				2		2		0.11		2.63		2.74
906				2		3		0.11		2.63		2.74
905				2		4		0.11		2.63		2.74
904				2		1		0.11		2.74		2.85
903				2		2		0.11		2.74		2.85
902				2		3		0.11		2.74		2.85
901				2		4		0.11		2.74		2.85
900				2		1		0.11		2.85		2.96
899				2		2		0.11		2.85		2.96
898				2		3		0.11		2.85		2.96
897				2		4		0.11		2.85		2.96
896				2		1		0.11		2.96		3.07
895				2		2		0.11		2.96		3.07
894				2		3		0.11		2.96		3.07
893				2		4		0.11		2.96		3.07
892				2		1		0.11		3.07		3.18
891				2		2		0.11		3.07		3.18
890				2		3		0.11		3.07		3.18
889				2		4		0.11		3.07		3.18
888				2		1		0.11		3.18		3.29
887				2		2		0.11		3.18		3.29
886				2		3		0.11		3.18		3.29
885				2		4		0.11		3.18		3.29
884				2		1		0.11		3.29		3.4
883				2		2		0.11		3.29		3.4
882				2		3		0.11		3.29		3.4
881				2		4		0.11		3.29		3.4
880				2		1		0.11		3.4		3.51
879				2		2		0.11		3.4		3.51
878				2		3		0.11		3.4		3.51
877				2		4		0.11		3.4		3.51
876				2		1		0.11		3.51		3.62
875				2		2		0.11		3.51		3.62
874				2		3		0.11		3.51		3.62
873				2		4		0.11		3.51		3.62
872				2		1		0.11		3.62		3.73
871				2		2		0.11		3.62		3.73
870				2		3		0.11		3.62		3.73
869				2		4		0.11		3.62		3.73
868				2		1		0.11		3.73		3.84
867				2		2		0.11		3.73		3.84
866				2		3		0.11		3.73		3.84
865				2		4		0.11		3.73		3.84
864				2		1		0.11		3.84		3.95
863				2		2		0.11		3.84		3.95
862				2		3		0.11		3.84		3.95
861				2		4		0.11		3.84		3.95
860				2		1		0.11		3.95		4.06
859				2		2		0.11		3.95		4.06
858				2		3		0.11		3.95		4.06
857				2		4		0.11		3.95		4.06
856				2		1		0.11		4.06		4.17
855				2		2		0.11		4.06		4.17
854				2		3		0.11		4.06		4.17
853				2		4		0.11		4.06		4.17
852				2		1		0.11		4.17		4.28
851				2		2		0.11		4.17		4.28
850				2		3		0.11		4.17		4.28
849				2		4		0.11		4.17		4.28
848				2		1		0.11		4.28		4.39
847				2		2		0.11		4.28		4.39
846				2		3		0.11		4.28		4.39
845				2		4		0.11		4.28		4.39
844				2		1		0.11		4.39		4.5
843				2		2		0.11		4.39		4.5
842				2		3		0.11		4.39		4.5
841				2		4		0.11		4.39		4.5
840				2		1		0.11		4.5		4.61
839				2		2		0.11		4.5		4.61
838				2		3		0.11		4.5		4.61
837				2		4		0.11		4.5		4.61
836				2		1		0.11		4.61		4.72
835				2		2		0.11		4.61		4.72
834				2		3		0.11		4.61		4.72
833				2		4		0.11		4.61		4.72
832				2		1		0.11		4.72		4.83
831				2		2		0.11		4.72		4.83
830				2		3		0.11		4.72		4.83
829				2		4		0.11		4.72		4.83
828				2		1		0.11		4.83		4.94
827				2		2		0.11		4.83		4.94
826				2		3		0.11		4.83		4.94
825				2		4		0.11		4.83		4.94
824				2		1		0.11		4.94		5.05
823				2		2		0.11		4.94		5.05
822				2		3		0.11		4.94		5.05
821				2		4		0.11		4.94		5.05
820				2		1		0.11		5.05		5.16
819				2		2		0.11		5.05		5.16
818				2		3		0.11		5.05		5.16
817				2		4		0.11		5.05		5.16
816				2		1		0.11		5.16		5.27
815				2		2		0.11		5.16		5.27
814				2		3		0.11		5.16		5.27
813				2		4		0.11		5.16		5.27
812				2		1		0.11		5.27		5.38
811				2		2		0.11		5.27		5.38
810				2		3		0.11		5.27		5.38
809				2		4		0.11		5.27		5.38
808				2		1		0.11		5.38		5.49
807				2		2		0.11		5.38		5.49
806				2		3		0.11		5.38		5.49
805				2		4		0.11		5.38		5.49
804				2		1		0.11		5.49		5.6
803				2		2		0.11		5.49		5.6
802				2		3		0.11		5.49		5.6
801				2		4		0.11		5.49		5.6
800				2		1		0.11		5.6		5.71
799				2		2		0.11		5.6		5.71
798				2		3		0.11		5.6		5.71
797				2		4		0.11		5.6		5.71
796				2		1		0.11		5.71		5.82
795				2		2		0.11		5.71		5.82
794				2		3		0.11		5.71		5.82
793				2		4		0.11		5.71		5.82
792				2		1		0.11		5.82		5.93
791				2		2		0.11		5.82		5.93
790				2		3		0.11		5.82		5.93
789				2		4		0.11		5.82		5.93
788				2		1		0.11		5.93		6.04
787				2		2		0.11		5.93		6.04
786				2		3		0.11		5.93		6.04
785				2		4		0.11		5.93		6.04
784				2		1		0.11		6.04		6.15
783				2		2		0.11		6.04		6.15
782				2		3		0.11		6.04		6.15
781				2		4		0.11		6.04		6.15
780				2		1		0.11		6.15		6.26
779				2		2		0.11		6.15		6.26
778				2		3		0.11		6.15		6.26
777				2		4		0.11		6.15		6.26
776				2		1		0.11		6.26		6.37
775				2		2		0.11		6.26		6.37
774				2		3		0.11		6.26		6.37
773				2		4		0.11		6.26		6.37
772				2		1		0.11		6.37		6.48
771				2		2		0.11		6.37		6.48
770				2		3		0.11		6.37		6.48
769				2		4		0.11		6.37		6.48
768				2		1		0.11		6.48		6.59
767				2		2		0.11		6.48		6.59
766				2		3		0.11		6.48		6.59
765				2		4		0.11		6.48		6.59
764				2		1		0.11		6.59		6.7
763				2		2		0.11		6.59		6.7
762				2		3		0.11		6.59		6.7
761				2		4		0.11		6.59		6.7
760				2		1		0.11		6.7		6.81
759				2		2		0.11		6.7		6.81
758				2		3		0.11		6.7		6.81
757				2		4		0.11		6.7		6.81
756				2		1		0.11		6.81		6.92
755				2		2		0.11		6.81		6.92
754				2		3		0.11		6.81		6.92
753				2		4		0.11		6.81		6.92
752				2		1		0.11		6.92		7.03
751				2		2		0.11		6.92		7.03
750				2		3		0.11		6.92		7.03
749				2		4		0.11		6.92		7.03
748				2		1		0.11		7.03		7.14
747				2		2		0.11		7.03		7.14
746				2		3		0.11		7.03		7.14
745				2		4		0.11		7.03		7.14
744				2		1		0.11		7.14		7.25
743				2		2		0.11		7.14		7.25
742				2		3		0.11		7.14		7.25
741				2		4		0.11		7.14		7.25
740				2		1		0.11		7.25		7.36
739				2		2		0.11		7.25		7.36
738				2		3		0.11		7.25		7.36
737				2		4		0.11		7.25		7.36
736				2		1		0.11		7.36		7.47
735				2		2		0.11		7.36		7.47
734				2		3		0.11		7.36		7.47
733				2		4		0.11		7.36		7.47
732				2		1		0.11		7.47		7.58
731				2		2		0.11		7.47		7.58
730				2		3		0.11		7.47		7.58
729				2		4		0.11		7.47		7.58
728				2		1		0.11		7.58		7.69
727				2		2		0.11		7.58		7.69
726				2		3		0.11		7.58		7.69
725				2		4		0.11		7.58		7.69
724				2		1		0.11		7.69		7.8
723				2		2		0.11		7.69		7.8
722				2		3		0.11		7.69		7.8
721				2		4		0.11		7.69		7.8
720				2		1		0.11		7.8		7.91
719				2		2		0.11		7.8		7.91
718				2		3		0.11		7.8		7.91
717				2		4		0.11		7.8		7.91
716				2		1		0.11		7.91		8.02
715				2		2		0.11		7.91		8.02
714				2		3		0.11		7.91		8.02
713				2		4		0.11		7.91		8.02
712				2		1		0.11		8.02		8.13
711				2		2		0.11		8.02		8.13
710				2		3		0.11		8.02		8.13
709				2		4		0.11		8.02		8.13
708				2		1		0.11		8.13		8.24
707				2		2		0.11		8.13		8.24
706				2		3		0.11		8.13		8.24
705				2		4		0.11		8.13		8.24
704				2		1		0.11		8.24		8.35
703				2		2		0.11		8.24		8.35
702				2		3		0.11		8.24		8.35
701				2		4		0.11		8.24		8.35
700				2		1		0.11		8.35		8.46
699				2		2		0.11		8.35		8.46
698				2		3		0.11		8.35		8.46
697				2		4		0.11		8.35		8.46
696				2		1		0.11		8.46		8.57
695				2		2		0.11		8.46		8.57
694				2		3		0.11		8.46		8.57
693				2		4		0.11		8.46		8.57
692				2		1		0.11		8.57		8.68
691				2		2		0.11		8.57		8.68
690				2		3		0.11		8.57		8.68
689				2		4		0.11		8.57		8.68
688				2		1		0.11		8.68		8.79
687				2		2		0.11		8.68		8.79
686				2		3		0.11		8.68		8.79
685				2		4		0.11		8.68		8.79
684				2		1		0.11		8.79		8.9
683				2		2		0.11		8.79		8.9
682				2		3		0.11		8.79		8.9
681				2		4		0.11		8.79		8.9
680				2		1		0.11		8.9		9.01
679				2		2		0.11		8.9		9.01
678				2		3		0.11		8.9		9.01
677				2		4		0.11		8.9		9.01
676				2		1		0.11		9.01		9.12
675				2		2		0.11		9.01		9.12
674				2		3		0.11		9.01		9.12
673				2		4		0.11		9.01		9.12
672				2		1		0.11		9.12		9.23
671				2		2		0.11		9.12		9.23
670				2		3		0.11		9.12		9.23
669				2		4		0.11		9.12		9.23
668				2		1		0.11		9.23		9.34
667				2		2		0.11		9.23		9.34
666				2		3		0.11		9.23		9.34
665				2		4		0.11		9.23		9.34
664				2		1		0.11		9.34		9.45
663				2		2		0.11		9.34		9.45
662				2		3		0.11		9.34		9.45
661				2		4		0.11		9.34		9.45
660				2		1		0.11		9.45		9.56
659				2		2		0.11		9.45		9.56
658				2		3		0.11		9.45		9.56
657				2		4		0.11		9.45		9.56
656				2		1		0.11		9.56		9.67
655				2		2		0.11		9.56		9.67
654				2		3		0.11		9.56		9.67
653				2		4		0.11		9.56		9.67
652				2		1		0.11		9.67		9.78
651				2		2		0.11		9.67		9.78
650				2		3		0.11		9.67		9.78
649				2		4		0.11		9.67		9.78
648				2		1		0.11		9.78		9.89
647				2		2		0.11		9.78		9.89
646				2		3		0.11		9.78		9.89
645				2		4		0.11		9.78		9.89
644				2		1		0.11		9.89		10
643				2		2		0.11		9.89		10
642				2		3		0.11		9.89		10
641				2		4		0.11		9.89		10
640				2		1		0.11		10		10.11
639				2		2		0.11		10		10.11
638				2		3		0.11		10		10.11
637				2		4		0.11		10		10.11
636				2		1		0.11		10.11		10.22
635				2		2		0.11		10.11		10.22
634				2		3		0.11		10.11		10.22
633				2		4		0.11		10.11		10.22
632				2		1		0.11		10.22		10.33
631				2		2		0.11		10.22		10.33
630				2		3		0.11		10.22		10.33
629				2		4		0.11		10.22		10.33
628				2		1		0.11		10.33		10.44
627				2		2		0.11		10.33		10.44
626				2		3		0.11		10.33		10.44
625				2		4		0.11		10.33		10.44
624				2		1		0.11		10.44		10.55
623				2		2		0.11		10.44		10.55
622				2		3		0.11		10.44		10.55
621				2		4		0.11		10.44		10.55
620				2		1		0.11		10.55		10.66
619				2		2		0.11		10.55		10.66
618				2		3		0.11		10.55		10.66
617				2		4		0.11		10.55		10.66
616				2		1		0.11		10.66		10.77
615				2		2		0.11		10.66		10.77
614				2		3		0.11		10.66		10.77
613				2		4		0.11		10.66		10.77
612				2		1		0.11		10.77		10.88
611				2		2		0.11		10.77		10.88
610				2		3		0.11		10.77		10.88
609				2		4		0.11		10.77		10.88
608				2		1		0.11		10.88		10.99
607				2		2		0.11		10.88		10.99
606				2		3		0.11		10.88		10.99
605				2		4		0.11		10.88		10.99
604				2		1		0.11		10.99		11.1
603				2		2		0.11		10.99		11.1
602				2		3		0.11		10.99		11.1
601				2		4		0.11		10.99		11.1
600				2		1		0.11		11.1		11.21
599				2		2		0.11		11.1		11.21
598				2		3		0.11		11.1		11.21
597				2		4		0.11		11.1		11.21
596				2		1		0.11		11.21		11.32
595				2		2		0.11		11.21		11.32
594				2		3		0.11		11.21		11.32
593				2		4		0.11		11.21		11.32
592				2		1		0.11		11.32		11.43
591				2		2		0.11		11.32		11.43
590				2		3		0.11		11.32		11.43
589				2		4		0.11		11.32		11.43
588				2		1		0.11		11.43		11.54
587				2		2		0.11		11.43		11.54
586				2		3		0.11		11.43		11.54
585				2		4		0.11		11.43		11.54
584				2		1		0.11		11.54		11.65
583				2		2		0.11		11.54		11.65
582				2		3		0.11		11.54		11.65
581				2		4		0.11		11.54		11.65
580				2		1		0.11		11.65		11.76
579				2		2		0.11		11.65		11.76
578				2		3		0.11		11.65		11.76
577				2		4		0.11		11.65		11.76
576				2		1		0.11		11.76		11.87
575				2		2		0.11		11.76		11.87
574				2		3		0.11		11.76		11.87
573				2		4		0.11		11.76		11.87
572				2		1		0.11		11.87		11.98
571				2		2		0.11		11.87		11.98
570				2		3		0.11		11.87		11.98
569				2		4		0.11		11.87		11.98
568				2		1		0.11		11.98		12.09
567				2		2		0.11		11.98		12.09
566				2		3		0.11		11.98		12.09
565				2		4		0.11		11.98		12.09
564				2		1		0.11		12.09		12.2
563				2		2		0.11		12.09		12.2
562				2		3		0.11		12.09		12.2
561				2		4		0.11		12.09		12.2
560				2		1		0.11		12.2		12.31
559				2		2		0.11		12.2		12.31
558				2		3		0.11		12.2		12.31
557				2		4		0.11		12.2		12.31
556				2		1		0.11		12.31		12.42
555				2		2		0.11		12.31		12.42
554				2		3		0.11		12.31		12.42
553				2		4		0.11		12.31		12.42
552				2		1		0.11		12.42		12.53
551				2		2		0.11		12.42		12.53
550				2		3		0.11		12.42		12.53
549				2		4		0.11		12.42		12.53
548				2		1		0.11		12.53		12.64
547				2		2		0.11		12.53		12.64
546				2		3		0.11		12.53		12.64
545				2		4		0.11		12.53		12.64
544				2		1		0.11		12.64		12.75
543				2		2		0.11		12.64		12.75
542				2		3		0.11		12.64		12.75
541				2		4		0.11		12.64		12.75
540				2		1		0.11		12.75		12.86
539				2		2		0.11		12.75		12.86
538				2		3		0.11		12.75		12.86
537				2		4		0.11		12.75		12.86
536				2		1		0.11		12.86		12.97
535				2		2		0.11		12.86		12.97
534				2		3		0.11		12.86		12.97
533				2		4		0.11		12.86		12.97
532				2		1		0.11		12.97		13.08
531				2		2		0.11		12.97		13.08
530				2		3		0.11		12.97		13.08
529				2		4		0.11		12.97		13.08
528				2		1		0.11		13.08		13.19
527				2		2		0.11		13.08		13.19
526				2		3		0.11		13.08		13.19
525				2		4		0.11		13.08		13.19
524				2		1		0.11		13.19		13.3
523				2		2		0.11		13.19		13.3
522				2		3		0.11		13.19		13.3
521				2		4		0.11		13.19		13.3
520				2		1		0.11		13.3		13.41
519				2		2		0.11		13.3		13.41
518				2		3		0.11		13.3		13.41
517				2		4		0.11		13.3		13.41
516				2		1		0.11		13.41		13.52
515				2		2		0.11		13.41		13.52
514				2		3		0.11		13.41		13.52
513				2		4		0.11		13.41		13.52
512				2		1		0.11		13.52		13.63
511				2		2		0.11		13.52		13.63
510				2		3		0.11		13.52		13.63
509				2		4		0.11		13.52		13.63
508				2		1		0.11		13.63		13.74
507				2		2		0.11		13.63		13.74
506				2		3		0.11		13.63		13.74
505				2		4		0.11		13.63		13.74
504				2		1		0.11		13.74		13.85
503				2		2		0.11		13.74		13.85
502				2		3		0.11		13.74		13.85
501				2		4		0.11		13.74		13.85
500				2		1		0.11		13.85		13.96
499				2		2		0.11		13.85		13.96
498				2		3		0.11		13.85		13.96
497				2		4		0.11		13.85		13.96
496				2		1		0.11		13.96		14.07
495				2		2		0.11		13.96		14.07
494				2		3		0.11		13.96		14.07
493				2		4		0.11		13.96		14.07
492				2		1		0.11		14.07		14.18
491				2		2		0.11		14.07		14.18
490				2		3		0.11		14.07		14.18
489				2		4		0.11		14.07		14.18
488				2		1		0.11		14.18		14.29
487				2		2		0.11		14.18		14.29
486				2		3		0.11		14.18		14.29
485				2		4		0.11		14.18		14.29
484				2		1		0.11		14.29		14.4
483				2		2		0.11		14.29		14.4
482				2		3		0.11		14.29		14.4
481				2		4		0.11		14.29		14.4
480				2		1		0.11		14.4		14.51
479				2		2		0.11		14.4		14.51
478				2		3		0.11		14.4		14.51
477				2		4		0.11		14.4		14.51
476				2		1		0.11		14.51		14.62
475				2		2		0.11		14.51		14.62
474				2		3		0.11		14.51		14.62
473				2		4		0.11		14.51		14.62
472				2		1		0.11		14.62		14.73
471				2		2		0.11		14.62		14.73
470				2		3		0.11		14.62		14.73
469				2		4		0.11		14.62		14.73
468				2		1		0.11		14.73		14.84
467				2		2		0.11		14.73		14.84
466				2		3		0.11		14.73		14.84
465				2		4		0.11		14.73		14.84
464				2		1		0.11		14.84		14.95
463				2		2		0.11		14.84		14.95
462				2		3		0.11		14.84		14.95
461				2		4		0.11		14.84		14.95
460				2		1		0.11		14.95		15.06
459				2		2		0.11		14.95		15.06
458				2		3		0.11		14.95		15.06
457				2		4		0.11		14.95		15.06
456				2		1		0.11		15.06		15.17
455				2		2		0.11		15.06		15.17
454				2		3		0.11		15.06		15.17
453				2		4		0.11		15.06		15.17
452				2		1		0.11		15.17		15.28
451				2		2		0.11		15.17		15.28
450				2		3		0.11		15.17		15.28
449				2		4		0.11		15.17		15.28
448				2		1		0.11		15.28		15.39
447				2		2		0.11		15.28		15.39
446				2		3		0.11		15.28		15.39
445				2		4		0.11		15.28		15.39
444				2		1		0.11		15.39		15.5
443				2		2		0.11		15.39		15.5
442				2		3		0.11		15.39		15.5
441				2		4		0.11		15.39		15.5
440				2		1		0.11		15.5		15.61
439				2		2		0.11		15.5		15.61
438				2		3		0.11		15.5		15.61
437				2		4		0.11		15.5		15.61
436				2		1		0.11		15.61		15.72
435				2		2		0.11		15.61		15.72
434				2		3		0.11		15.61		15.72
433				2		4		0.11		15.61		15.72
432				2		1		0.11		15.72		15.83
431				2		2		0.11		15.72		15.83
430				2		3		0.11		15.72		15.83
429				2		4		0.11		15.72		15.83
428				2		1		0.11		15.83		15.94
427				2		2		0.11		15.83		15.94
426				2		3		0.11		15.83		15.94
425				2		4		0.11		15.83		15.94
424				2		1		0.11		15.94		16.05
423				2		2		0.11		15.94		16.05
422				2		3		0.11		15.94		16.05
421				2		4		0.11		15.94		16.05
420				2		1		0.11		16.05		16.16
419				2		2		0.11		16.05		16.16
418				2		3		0.11		16.05		16.16
417				2		4		0.11		16.05		16.16
416				2		1		0.11		16.16		16.27
415				2		2		0.11		16.16		16.27
414				2		3		0.11		16.16		16.27
413				2		4		0.11		16.16		16.27
412				2		1		0.11		16.27		16.38
411				2		2		0.11		16.27		16.38
410				2		3		0.11		16.27		16.38
409				2		4		0.11		16.27		16.38
408				2		1		0.11		16.38		16.49
407				2		2		0.11		16.38		16.49
406				2		3		0.11		16.38		16.49
405				2		4		0.11		16.38		16.49
404				2		1		0.11		16.49		16.6
403				2		2		0.11		16.49		16.6
402				2		3		0.11		16.49		16.6
401				2		4		0.11		16.49		16.6
400				2		1		0.11		16.6		16.71
399				2		2		0.11		16.6		16.71
398				2		3		0.11		16.6		16.71
397				2		4		0.11		16.6		16.71
396				2		1		0.11		16.71		16.82
395				2		2		0.11		16.71		16.82
394				2		3		0.11		16.71		16.82
393				2		4		0.11		16.71		16.82
392				2		1		0.11		16.82		16.93
391				2		2		0.11		16.82		16.93
390				2		3		0.11		16.82		16.93
389				2		4		0.11		16.82		16.93
388				2		1		0.11		16.93		17.04
387				2		2		0.11		16.93		17.04
386				2		3		0.11		16.93		17.04
385				2		4		0.11		16.93		17.04
384				2		1		0.11		17.04		17.15
383				2		2		0.11		17.04		17.15
382				2		3		0.11		17.04		17.15
381				2		4		0.11		17.04		17.15
380				2		1		0.11		17.15		17.26
379				2		2		0.11		17.15		17.26
378				2		3		0.11		17.15		17.26
377				2		4		0.11		17.15		17.26
376				2		1		0.11		17.26		17.37
375				2		2		0.11		17.26		17.37
374				2		3		0.11		17.26		17.37
373				2		4		0.11		17.26		17.37
372				2		1		0.11		17.37		17.48
371				2		2		0.11		17.37		17.48
370				2		3		0.11		17.37		17.48
369				2		4		0.11		17.37		17.48
368				2		1		0.11		17.48		17.59
367				2		2		0.11		17.48		17.59
366				2		3		0.11		17.48		17.59
365				2		4		0.11		17.48		17.59
364				2		1		0.11		17.59		17.7
363				2		2		0.11		17.59		17.7
362				2		3		0.11		17.59		17.7
361				2		4		0.11		17.59		17.7
360				2		1		0.11		17.7		17.81
359				2		2		0.11		17.7		17.81
358				2		3		0.11		17.7		17.81
357				2		4		0.11		17.7		17.81
356				2		1		0.11		17.81		17.92
355				2		2		0.11		17.81		17.92
354				2		3		0.11		17.81		17.92
353				2		4		0.11		17.81		17.92
352				2		1		0.11		17.92		18.03
351				2		2		0.11		17.92		18.03
350				2		3		0.11		17.92		18.03
349				2		4		0.11		17.92		18.03
348				2		1		0.11		18.03		18.14
347				2		2		0.11		18.03		18.14
346				2		3		0.11		18.03		18.14
345				2		4		0.11		18.03		18.14
344				2		1		0.11		18.14		18.25
343				2		2		0.11		18.14		18.25
342				2		3		0.11		18.14		18.25
341				2		4		0.11		18.14		18.25
340				2		1		0.11		18.25		18.36
339				2		2		0.11		18.25		18.36
338				2		3		0.11		18.25		18.36
337				2		4		0.11		18.25		18.36
336				2		1		0.11		18.36		18.47
335				2		2		0.11		18.36		18.47
334				2		3		0.11		18.36		18.47
333				2		4		0.11		18.36		18.47
332				2		1		0.11		18.47		18.58
331				2		2		0.11		18.47		18.58
330				2		3		0.11		18.47		18.58
329				2		4		0.11		18.47		18.58
328				2		1		0.11		18.58		18.69
327				2		2		0.11		18.58		18.69
326				2		3		0.11		18.58		18.69
325				2		4		0.11		18.58		18.69
324				2		1		0.11		18.69		18.8
323				2		2		0.11		18.69		18.8
322				2		3		0.11		18.69		18.8
321				2		4		0.11		18.69		18.8
320				2		1		0.11		18.8		18.91
319				2		2		0.11		18.8		18.91
318				2		3		0.11		18.8		18.91
317				2		4		0.11		18.8		18.91
316				2		1		0.11		18.91		19.02
315				2		2		0.11		18.91		19.02
314				2		3		0.11		18.91		19.02
313				2		4		0.11		18.91		19.02
312				2		1		0.11		19.02		19.13
311				2		2		0.11		19.02		19.13
310				2		3		0.11		19.02		19.13
309				2		4		0.11		19.02		19.13
308				2		1		0.11		19.13		19.24
307				2		2		0.11		19.13		19.24
306				2		3		0.11		19.13		19.24
305				2		4		0.11		19.13		19.24
304				2		1		0.11		19.24		19.35
303				2		2		0.11		19.24		19.35
302				2		3		0.11		19.24		19.35
301				2		4		0.11		19.24		19.35
300				2		1		0.11		19.35		19.46
299				2		2		0.11		19.35		19.46
298				2		3		0.11		19.35		19.46
297				2		4		0.11		19.35		19.46
296				2		1		0.11		19.46		19.57
295				2		2		0.11		19.46		19.57
294				2		3		0.11		19.46		19.57
293				2		4		0.11		19.46		19.57
292				2		1		0.11		19.57		19.68
291				2		2		0.11		19.57		19.68
290				2		3		0.11		19.57		19.68
289				2		4		0.11		19.57		19.68
288				2		1		0.11		19.68		19.79
287				2		2		0.11		19.68		19.79
286				2		3		0.11		19.68		19.79
285				2		4		0.11		19.68		19.79
284				2		1		0.11		19.79		19.9
283				2		2		0.11		19.79		19.9
282				2		3		0.11		19.79		19.9
281				2		4		0.11		19.79		19.9
280				2		1		0.11		19.9		20.01
279				2		2		0.11		19.9		20.01
278				2		3		0.11		19.9		20.01
277				2		4		0.11		19.9		20.01
276				2		1		0.11		20.01		20.12
275				2		2		0.11		20.01		20.12
274				2		3		0.11		20.01		20.12
273				2		4		0.11		20.01		20.12
272				2		1		0.11		20.12		20.23
271				2		2		0.11		20.12		20.23
270				2		3		0.11		20.12		20.23
269				2		4		0.11		20.12		20.23
268				2		1		0.11		20.23		20.34
267				2		2		0.11		20.23		20.34
266				2		3		0.11		20.23		20.34
265				2		4		0.11		20.23		20.34
264				2		1		0.11		20.34		20.45
263				2		2		0.11		20.34		20.45
262				2		3		0.11		20.34		20.45
261				2		4		0.11		20.34		20.45
260				2		1		0.11		20.45		20.56
259				2		2		0.11		20.45		20.56
258				2		3		0.11		20.45		20.56
257				2		4		0.11		20.45		20.56
256				2		1		0.11		20.56		20.67
255				2		2		0.11		20.56		20.67
254				2		3		0.11		20.56		20.67
253				2		4		0.11		20.56		20.67
252				2		1		0.11		20.67		20.78
251				2		2		0.11		20.67		20.78
250				2		3		0.11		20.67		20.78
249				2		4		0.11		20.67		20.78
248				2		1		0.11		20.78		20.89
247				2		2		0.11		20.78		20.89
246				2		3		0.11		20.78		20.89
245				2		4		0.11		20.78		20.89
244				2		1		0.11		20.89		21
243				2		2		0.11		20.89		21
242				2		3		0.11		20.89		21
241				2		4		0.11		20.89		21
240				2		1		0.11		21		21.11
239				2		2		0.11		21		21.11
238				2		3		0.11		21		21.11
237				2		4		0.11		21		21.11
236				2		1		0.11		21.11		21.22
235				2		2		0.11		21.11		21.22
234				2		3		0.11		21.11		21.22
233				2		4		0.11		21.11		21.22
232				2		1		0.11		21.22		21.33
231				2		2		0.11		21.22		21.33
230				2		3		0.11		21.22		21.33
229				2		4		0.11		21.22		21.33
228				2		1		0.11		21.33		21.44
227				2		2		0.11		21.33		21.44
226				2		3		0.11		21.33		21.44
225				2		4		0.11		21.33		21.44
224				2		1		0.11		21.44		21.55
223				2		2		0.11		21.44		21.55
222				2		3		0.11		21.44		21.55
221				2		4		0.11		21.44		21.55
220				2		1		0.11		21.55		21.66
219				2		2		0.11		21.55		21.66
218				2		3		0.11		21.55		21.66
217				2		4		0.11		21.55		21.66
216				2		1		0.11		21.66		21.77
215				2		2		0.11		21.66		21.77
214				2		3		0.11		21.66		21.77
213				2		4		0.11		21.66		21.77
212				2		1		0.11		21.77		21.88
211				2		2		0.11		21.77		21.88
210				2		3		0.11		21.77		21.88
209				2		4		0.11		21.77		21.88
208				2		1		0.11		21.88		21.99
207				2		2		0.11		21.88		21.99
206				2		3		0.11		21.88		21.99
205				2		4		0.11		21.88		21.99
204				2		1		0.11		21.99		22.1
203				2		2		0.11		21.99		22.1
202				2		3		0.11		21.99		22.1
201				2		4		0.11		21.99		22.1
200				2		1		0.11		22.1		22.21
199				2		2		0.11		22.1		22.21
198				2		3		0.11		22.1		22.21
197				2		4		0.11		22.1		22.21
196				2		1		0.11		22.21		22.32
195				2		2		0.11		22.21		22.32
194				2		3		0.11		22.21		22.32
193				2		4		0.11		22.21		22.32
192				2		1		0.11		22.32		22.43
191				2		2		0.11		22.32		22.43
190				2		3		0.11		22.32		22.43
189				2		4		0.11		22.32		22.43
188				2		1		0.11		22.43		22.54
187				2		2		0.11		22.43		22.54
186				2		3		0.11		22.43		22.54
185				2		4		0.11		22.43		22.54
184				2		1		0.11		22.54		22.65
183				2		2		0.11		22.54		22.65
182				2		3		0.11		22.54		22.65
181				2		4		0.11		22.54		22.65
180				2		1		0.11		22.65		22.76
179				2		2		0.11		22.65		22.76
178				2		3		0.11		22.65		22.76
177				2		4		0.11		22.65		22.76
176				2		1		0.11		22.76		22.87
175				2		2		0.11		22.76		22.87
174				2		3		0.11		22.76		22.87
173				2		4		0.11		22.76		22.87
172				2		1		0.11		22.87		22.98
171				2		2		0.11		22.87		22.98
170				2		3		0.11		22.87		22.98
169				2		4		0.11		22.87		22.98
168				2		1		0.11		22.98		23.09
167				2		2		0.11		22.98		23.09
166				2		3		0.11		22.98		23.09
165				2		4		0.11		22.98		23.09
164				2		1		0.11		23.09		23.2
163				2		2		0.11		23.09		23.2
162				2		3		0.11		23.09		23.2
161				2		4		0.11		23.09		23.2
160				2		1		0.11		23.2		23.31
159				2		2		0.11		23.2		23.31
158				2		3		0.11		23.2		23.31
157				2		4		0.11		23.2		23.31
156				2		1		0.11		23.31		23.42
155				2		2		0.11		23.31		23.42
154				2		3		0.11		23.31		23.42
153				2		4		0.11		23.31		23.42
152				2		1		0.11		23.42		23.53
151				2		2		0.11		23.42		23.53
150				2		3		0.11		23.42		23.53
149				2		4		0.11		23.42		23.53
148				2		1		0.11		23.53		23.64
147				2		2		0.11		23.53		23.64
146				2		3		0.11		23.53		23.64
145				2		4		0.11		23.53		23.64
144				2		1		0.11		23.64		23.75
143				2		2		0.11		23.64		23.75
142				2		3		0.11		23.64		23.75
141				2		4		0.11		23.64		23.75
140				2		1		0.11		23.75		23.86
139				2		2		0.11		23.75		23.86
138				2		3		0.11		23.75		23.86
137				2		4		0.11		23.75		23.86
136				2		1		0.11		23.86		23.97
135				2		2		0.11		23.86		23.97
134				2		3		0.11		23.86		23.97
133				2		4		0.11		23.86		23.97
132				2		1		0.11		23.97		24.08
131				2		2		0.11		23.97		24.08
130				2		3		0.11		23.97		24.08
129				2		4		0.11		23.97		24.08
128				2		1		0.11		24.08		24.19
127				2		2		0.11		24.08		24.19
126				2		3		0.11		24.08		24.19
125				2		4		0.11		24.08		24.19
124				2		1		0.11		24.19		24.3
123				2		2		0.11		24.19		24.3
122				2		3		0.11		24.19		24.3
121				2		4		0.11		24.19		24.3
120				2		1		0.11		24.3		24.41
119				2		2		0.11		24.3		24.41
118				2		3		0.11		24.3		24.41
117				2		4		0.11		24.3		24.41
116				2		1		0.11		24.41		24.52
115				2		2		0.11		24.41		24.52
114				2		3		0.11		24.41		24.52
113				2		4		0.11		24.41		24.52
112				2		1		0.11		24.52		24.63
111				2		2		0.11		24.52		24.63
110				2		3		0.11		24.52		24.63
109				2		4		0.11		24.52		24.63
108				2		1		0.11		24.63		24.74
107				2		2		0.11		24.63		24.74
106				2		3		0.11		24.63		24.74
105				2		4		0.11		24.63		24.74
104				2		1		0.11		24.74		24.85
103				2		2		0.11		24.74		24.85
102				2		3		0.11		24.74		24.85
101				2		4		0.11		24.74		24.85
100				2		1		0.11		24.85		24.96
99				2		2		0.11		24.85		24.96
98				2		3		0.11		24.85		24.96
97				2		4		0.11		24.85		24.96
96				2		1		0.11		24.96		25.07
95				2		2		0.11		24.96		25.07
94				2		3		0.11		24.96		25.07
93				2		4		0.11		24.96		25.07
92				2		1		0.11		25.07		25.18
91				2		2		0.11		25.07		25.18
90				2		3		0.11		25.07		25.18
89				2		4		0.11		25.07		25.18
88				2		1		0.11		25.18		25.29
87				2		2		0.11		25.18		25.29
86				2		3		0.11		25.18		25.29
85				2		4		0.11		25.18		25.29
84				2		1		0.11		25.29		25.4
83				2		2		0.11		25.29		25.4
82				2		3		0.11		25.29		25.4
81				2		4		0.11		25.29		25.4
80				2		1		0.11		25.4		25.51
79				2		2		0.11		25.4		25.51
78				2		3		0.11		25.4		25.51
77				2		4		0.11		25.4		25.51
76				2		1		0.11		25.51		25.62
75				2		2		0.11		25.51		25.62
74				2		3		0.11		25.51		25.62
73				2		4		0.11		25.51		25.62
72				2		1		0.11		25.62		25.73
71				2		2		0.11		25.62		25.73
70				2		3		0.11		25.62		25.73
69				2		4		0.11		25.62		25.73
68				2		1		0.11		25.73		25.84
67				2		2		0.11		25.73		25.84
66				2		3		0.11		25.73		25.84
65				2		4		0.11		25.73		25.84
64				2		1		0.11		25.84		25.95
63				2		2		0.11		25.84		25.95
62				2		3		0.11		25.84		25.95
61				2		4		0.11		25.84		25.95
60				2		1		0.11		25.95		26.06
59				2		2		0.11		25.95		26.06
58				2		3		0.11		25.95		26.06
57				2		4		0.11		25.95		26.06
56				2		1		0.11		26.06		26.17
55				2		2		0.11		26.06		26.17
54				2		3		0.11		26.06		26.17
53				2		4		0.11		26.06		26.17
52				2		1		0.11		26.17		26.28
51				2		2		0.11		26.17		26.28
50				2		3		0.11		26.17		26.28
49				2		4		0.11		26.17		26.28
48				2		1		0.11		26.28		26.39
47				2		2		0.11		26.28		26.39
46				2		3		0.11		26.28		26.39
45				2		4		0.11		26.28		26.39
44				2		1		0.11		26.39		26.5
43				2		2		0.11		26.39		26.5
42				2		3		0.11		26.39		26.5
41				2		4		0.11		26.39		26.5
40				2		1		0.11		26.5		26.61
39				2		2		0.11		26.5		26.61
38				2		3		0.11		26.5		26.61
37				2		4		0.11		26.5		26.61
36				2		1		0.11		26.61		26.72
35				2		2		0.11		26.61		26.72
34				2		3		0.11		26.61		26.72
33				2		4		0.11		26.61		26.72
32				2		1		0.11		26.72		26.83
31				2		2		0.11		26.72		26.83
30				2		3		0.11		26.72		26.83
29				2		4		0.11		26.72		26.83
28				2		1		0.11		26.83		26.94
27				2		2		0.11		26.83		26.94
26				2		3		0.11		26.83		26.94
25				2		4		0.11		26.83		26.94
24				2		1		0.11		26.94		27.05
23				2		2		0.11		26.94		27.05
22				2		3		0.11		26.94		27.05
21				2		4		0.11		26.94		27.05
20				2		1		0.11		27.05		27.16
19				2		2		0.11		27.05		27.16
18				2		3		0.11		27.05		27.16
17				2		4		0.11		27.05		27.16
16				2		1		0.11		27.16		27.27
15				2		2		0.11		27.16		27.27
14				2		3		0.11		27.16		27.27
13				2		4		0.11		27.16		27.27
12				2		1		0.11		27.27		27.38
11				2		2		0.11		27.27		27.38
10				2		3		0.11		27.27		27.38
9				2		4		0.11		27.27		27.38
8				2		1		0.11		27.38		27.49
7				2		2		0.11		27.38		27.49
6				2		3		0.11		27.38		27.49
5				2		4		0.11		27.38		27.49
4				2		1		0.11		27.49		27.6
3				2		2		0.11		27.49		27.6
2				2		3		0.11		27.49		27.6
1				2		4		0.11		27.49		27.6
========== OUTPUT ==========
Cloudlet ID	Data center ID	VM ID	Time	Start Time	Finish Time
1000				2		1		0.2		0.1		0.3
996				2		5		0.2		0.1		0.3
999				2		2		0.2		0.1		0.3
995				2		6		0.2		0.1		0.3
998				2		3		0.2		0.1		0.3
994				2		7		0.2		0.1		0.3
997				2		4		0.2		0.1		0.3
993				2		8		0.2		0.1		0.3
992				2		1		0.2		0.3		0.5
988				2		5		0.2		0.3		0.5
991				2		2		0.2		0.3		0.5
987				2		6		0.2		0.3		0.5
990				2		3		0.2		0.3		0.5
986				2		7		0.2		0.3		0.5
989				2		4		0.2		0.3		0.5
985				2		8		0.2		0.3		0.5
984				2		1		0.2		0.5		0.7
980				2		5		0.2		0.5		0.7
983				2		2		0.2		0.5		0.7
979				2		6		0.2		0.5		0.7
982				2		3		0.2		0.5		0.7
978				2		7		0.2		0.5		0.7
981				2		4		0.2		0.5		0.7
977				2		8		0.2		0.5		0.7
976				2		1		0.2		0.7		0.9
972				2		5		0.2		0.7		0.9
975				2		2		0.2		0.7		0.9
971				2		6		0.2		0.7		0.9
974				2		3		0.2		0.7		0.9
970				2		7		0.2		0.7		0.9
973				2		4		0.2		0.7		0.9
969				2		8		0.2		0.7		0.9
968				2		1		0.2		0.9		1.1
964				2		5		0.2		0.9		1.1
967				2		2		0.2		0.9		1.1
963				2		6		0.2		0.9		1.1
966				2		3		0.2		0.9		1.1
962				2		7		0.2		0.9		1.1
965				2		4		0.2		0.9		1.1
961				2		8		0.2		0.9		1.1
960				2		1		0.2		1.1		1.3
956				2		5		0.2		1.1		1.3
959				2		2		0.2		1.1		1.3
955				2		6		0.2		1.1		1.3
958				2		3		0.2		1.1		1.3
954				2		7		0.2		1.1		1.3
957				2		4		0.2		1.1		1.3
953				2		8		0.2		1.1		1.3
952				2		1		0.2		1.3		1.5
948				2		5		0.2		1.3		1.5
951				2		2		0.2		1.3		1.5
947				2		6		0.2		1.3		1.5
950				2		3		0.2		1.3		1.5
946				2		7		0.2		1.3		1.5
949				2		4		0.2		1.3		1.5
945				2		8		0.2		1.3		1.5
944				2		1		0.2		1.5		1.7
940				2		5		0.2		1.5		1.7
943				2		2		0.2		1.5		1.7
939				2		6		0.2		1.5		1.7
942				2		3		0.2		1.5		1.7
938				2		7		0.2		1.5		1.7
941				2		4		0.2		1.5		1.7
937				2		8		0.2		1.5		1.7
936				2		1		0.2		1.7		1.9
932				2		5		0.2		1.7		1.9
935				2		2		0.2		1.7		1.9
931				2		6		0.2		1.7		1.9
934				2		3		0.2		1.7		1.9
930				2		7		0.2		1.7		1.9
933				2		4		0.2		1.7		1.9
929				2		8		0.2		1.7		1.9
928				2		1		0.2		1.9		2.1
924				2		5		0.2		1.9		2.1
927				2		2		0.2		1.9		2.1
923				2		6		0.2		1.9		2.1
926				2		3		0.2		1.9		2.1
922				2		7		0.2		1.9		2.1
925				2		4		0.2		1.9		2.1
921				2		8		0.2		1.9		2.1
920				2		1		0.2		2.1		2.3
916				2		5		0.2		2.1		2.3
919				2		2		0.2		2.1		2.3
915				2		6		0.2		2.1		2.3
918				2		3		0.2		2.1		2.3
914				2		7		0.2		2.1		2.3
917				2		4		0.2		2.1		2.3
913				2		8		0.2		2.1		2.3
912				2		1		0.2		2.3		2.5
908				2		5		0.2		2.3		2.5
911				2		2		0.2		2.3		2.5
907				2		6		0.2		2.3		2.5
910				2		3		0.2		2.3		2.5
906				2		7		0.2		2.3		2.5
909				2		4		0.2		2.3		2.5
905				2		8		0.2		2.3		2.5
904				2		1		0.2		2.5		2.7
900				2		5		0.2		2.5		2.7
903				2		2		0.2		2.5		2.7
899				2		6		0.2		2.5		2.7
902				2		3		0.2		2.5		2.7
898				2		7		0.2		2.5		2.7
901				2		4		0.2		2.5		2.7
897				2		8		0.2		2.5		2.7
896				2		1		0.2		2.7		2.9
892				2		5		0.2		2.7		2.9
895				2		2		0.2		2.7		2.9
891				2		6		0.2		2.7		2.9
894				2		3		0.2		2.7		2.9
890				2		7		0.2		2.7		2.9
893				2		4		0.2		2.7		2.9
889				2		8		0.2		2.7		2.9
888				2		1		0.2		2.9		3.1
884				2		5		0.2		2.9		3.1
887				2		2		0.2		2.9		3.1
883				2		6		0.2		2.9		3.1
886				2		3		0.2		2.9		3.1
882				2		7		0.2		2.9		3.1
885				2		4		0.2		2.9		3.1
881				2		8		0.2		2.9		3.1
880				2		1		0.2		3.1		3.3
876				2		5		0.2		3.1		3.3
879				2		2		0.2		3.1		3.3
875				2		6		0.2		3.1		3.3
878				2		3		0.2		3.1		3.3
874				2		7		0.2		3.1		3.3
877				2		4		0.2		3.1		3.3
873				2		8		0.2		3.1		3.3
872				2		1		0.2		3.3		3.5
868				2		5		0.2		3.3		3.5
871				2		2		0.2		3.3		3.5
867				2		6		0.2		3.3		3.5
870				2		3		0.2		3.3		3.5
866				2		7		0.2		3.3		3.5
869				2		4		0.2		3.3		3.5
865				2		8		0.2		3.3		3.5
864				2		1		0.2		3.5		3.7
860				2		5		0.2		3.5		3.7
863				2		2		0.2		3.5		3.7
859				2		6		0.2		3.5		3.7
862				2		3		0.2		3.5		3.7
858				2		7		0.2		3.5		3.7
861				2		4		0.2		3.5		3.7
857				2		8		0.2		3.5		3.7
856				2		1		0.2		3.7		3.9
852				2		5		0.2		3.7		3.9
855				2		2		0.2		3.7		3.9
851				2		6		0.2		3.7		3.9
854				2		3		0.2		3.7		3.9
850				2		7		0.2		3.7		3.9
853				2		4		0.2		3.7		3.9
849				2		8		0.2		3.7		3.9
848				2		1		0.2		3.9		4.1
844				2		5		0.2		3.9		4.1
847				2		2		0.2		3.9		4.1
843				2		6		0.2		3.9		4.1
846				2		3		0.2		3.9		4.1
842				2		7		0.2		3.9		4.1
845				2		4		0.2		3.9		4.1
841				2		8		0.2		3.9		4.1
840				2		1		0.2		4.1		4.3
836				2		5		0.2		4.1		4.3
839				2		2		0.2		4.1		4.3
835				2		6		0.2		4.1		4.3
838				2		3		0.2		4.1		4.3
834				2		7		0.2		4.1		4.3
837				2		4		0.2		4.1		4.3
833				2		8		0.2		4.1		4.3
832				2		1		0.2		4.3		4.5
828				2		5		0.2		4.3		4.5
831				2		2		0.2		4.3		4.5
827				2		6		0.2		4.3		4.5
830				2		3		0.2		4.3		4.5
826				2		7		0.2		4.3		4.5
829				2		4		0.2		4.3		4.5
825				2		8		0.2		4.3		4.5
824				2		1		0.2		4.5		4.7
820				2		5		0.2		4.5		4.7
823				2		2		0.2		4.5		4.7
819				2		6		0.2		4.5		4.7
822				2		3		0.2		4.5		4.7
818				2		7		0.2		4.5		4.7
821				2		4		0.2		4.5		4.7
817				2		8		0.2		4.5		4.7
816				2		1		0.2		4.7		4.9
812				2		5		0.2		4.7		4.9
815				2		2		0.2		4.7		4.9
811				2		6		0.2		4.7		4.9
814				2		3		0.2		4.7		4.9
810				2		7		0.2		4.7		4.9
813				2		4		0.2		4.7		4.9
809				2		8		0.2		4.7		4.9
808				2		1		0.2		4.9		5.1
804				2		5		0.2		4.9		5.1
807				2		2		0.2		4.9		5.1
803				2		6		0.2		4.9		5.1
806				2		3		0.2		4.9		5.1
802				2		7		0.2		4.9		5.1
805				2		4		0.2		4.9		5.1
801				2		8		0.2		4.9		5.1
800				2		1		0.2		5.1		5.3
796				2		5		0.2		5.1		5.3
799				2		2		0.2		5.1		5.3
795				2		6		0.2		5.1		5.3
798				2		3		0.2		5.1		5.3
794				2		7		0.2		5.1		5.3
797				2		4		0.2		5.1		5.3
793				2		8		0.2		5.1		5.3
792				2		1		0.2		5.3		5.5
788				2		5		0.2		5.3		5.5
791				2		2		0.2		5.3		5.5
787				2		6		0.2		5.3		5.5
790				2		3		0.2		5.3		5.5
786				2		7		0.2		5.3		5.5
789				2		4		0.2		5.3		5.5
785				2		8		0.2		5.3		5.5
784				2		1		0.2		5.5		5.7
780				2		5		0.2		5.5		5.7
783				2		2		0.2		5.5		5.7
779				2		6		0.2		5.5		5.7
782				2		3		0.2		5.5		5.7
778				2		7		0.2		5.5		5.7
781				2		4		0.2		5.5		5.7
777				2		8		0.2		5.5		5.7
776				2		1		0.2		5.7		5.9
772				2		5		0.2		5.7		5.9
775				2		2		0.2		5.7		5.9
771				2		6		0.2		5.7		5.9
774				2		3		0.2		5.7		5.9
770				2		7		0.2		5.7		5.9
773				2		4		0.2		5.7		5.9
769				2		8		0.2		5.7		5.9
768				2		1		0.2		5.9		6.1
764				2		5		0.2		5.9		6.1
767				2		2		0.2		5.9		6.1
763				2		6		0.2		5.9		6.1
766				2		3		0.2		5.9		6.1
762				2		7		0.2		5.9		6.1
765				2		4		0.2		5.9		6.1
761				2		8		0.2		5.9		6.1
760				2		1		0.2		6.1		6.3
756				2		5		0.2		6.1		6.3
759				2		2		0.2		6.1		6.3
755				2		6		0.2		6.1		6.3
758				2		3		0.2		6.1		6.3
754				2		7		0.2		6.1		6.3
757				2		4		0.2		6.1		6.3
753				2		8		0.2		6.1		6.3
752				2		1		0.2		6.3		6.5
748				2		5		0.2		6.3		6.5
751				2		2		0.2		6.3		6.5
747				2		6		0.2		6.3		6.5
750				2		3		0.2		6.3		6.5
746				2		7		0.2		6.3		6.5
749				2		4		0.2		6.3		6.5
745				2		8		0.2		6.3		6.5
744				2		1		0.2		6.5		6.7
740				2		5		0.2		6.5		6.7
743				2		2		0.2		6.5		6.7
739				2		6		0.2		6.5		6.7
742				2		3		0.2		6.5		6.7
738				2		7		0.2		6.5		6.7
741				2		4		0.2		6.5		6.7
737				2		8		0.2		6.5		6.7
736				2		1		0.2		6.7		6.9
732				2		5		0.2		6.7		6.9
735				2		2		0.2		6.7		6.9
731				2		6		0.2		6.7		6.9
734				2		3		0.2		6.7		6.9
730				2		7		0.2		6.7		6.9
733				2		4		0.2		6.7		6.9
729				2		8		0.2		6.7		6.9
728				2		1		0.2		6.9		7.1
724				2		5		0.2		6.9		7.1
727				2		2		0.2		6.9		7.1
723				2		6		0.2		6.9		7.1
726				2		3		0.2		6.9		7.1
722				2		7		0.2		6.9		7.1
725				2		4		0.2		6.9		7.1
721				2		8		0.2		6.9		7.1
720				2		1		0.2		7.1		7.3
716				2		5		0.2		7.1		7.3
719				2		2		0.2		7.1		7.3
715				2		6		0.2		7.1		7.3
718				2		3		0.2		7.1		7.3
714				2		7		0.2		7.1		7.3
717				2		4		0.2		7.1		7.3
713				2		8		0.2		7.1		7.3
712				2		1		0.2		7.3		7.5
708				2		5		0.2		7.3		7.5
711				2		2		0.2		7.3		7.5
707				2		6		0.2		7.3		7.5
710				2		3		0.2		7.3		7.5
706				2		7		0.2		7.3		7.5
709				2		4		0.2		7.3		7.5
705				2		8		0.2		7.3		7.5
704				2		1		0.2		7.5		7.7
700				2		5		0.2		7.5		7.7
703				2		2		0.2		7.5		7.7
699				2		6		0.2		7.5		7.7
702				2		3		0.2		7.5		7.7
698				2		7		0.2		7.5		7.7
701				2		4		0.2		7.5		7.7
697				2		8		0.2		7.5		7.7
696				2		1		0.2		7.7		7.9
692				2		5		0.2		7.7		7.9
695				2		2		0.2		7.7		7.9
691				2		6		0.2		7.7		7.9
694				2		3		0.2		7.7		7.9
690				2		7		0.2		7.7		7.9
693				2		4		0.2		7.7		7.9
689				2		8		0.2		7.7		7.9
688				2		1		0.2		7.9		8.1
684				2		5		0.2		7.9		8.1
687				2		2		0.2		7.9		8.1
683				2		6		0.2		7.9		8.1
686				2		3		0.2		7.9		8.1
682				2		7		0.2		7.9		8.1
685				2		4		0.2		7.9		8.1
681				2		8		0.2		7.9		8.1
680				2		1		0.2		8.1		8.3
676				2		5		0.2		8.1		8.3
679				2		2		0.2		8.1		8.3
675				2		6		0.2		8.1		8.3
678				2		3		0.2		8.1		8.3
674				2		7		0.2		8.1		8.3
677				2		4		0.2		8.1		8.3
673				2		8		0.2		8.1		8.3
672				2		1		0.2		8.3		8.5
668				2		5		0.2		8.3		8.5
671				2		2		0.2		8.3		8.5
667				2		6		0.2		8.3		8.5
670				2		3		0.2		8.3		8.5
666				2		7		0.2		8.3		8.5
669				2		4		0.2		8.3		8.5
665				2		8		0.2		8.3		8.5
664				2		1		0.2		8.5		8.7
660				2		5		0.2		8.5		8.7
663				2		2		0.2		8.5		8.7
659				2		6		0.2		8.5		8.7
662				2		3		0.2		8.5		8.7
658				2		7		0.2		8.5		8.7
661				2		4		0.2		8.5		8.7
657				2		8		0.2		8.5		8.7
656				2		1		0.2		8.7		8.9
652				2		5		0.2		8.7		8.9
655				2		2		0.2		8.7		8.9
651				2		6		0.2		8.7		8.9
654				2		3		0.2		8.7		8.9
650				2		7		0.2		8.7		8.9
653				2		4		0.2		8.7		8.9
649				2		8		0.2		8.7		8.9
648				2		1		0.2		8.9		9.1
644				2		5		0.2		8.9		9.1
647				2		2		0.2		8.9		9.1
643				2		6		0.2		8.9		9.1
646				2		3		0.2		8.9		9.1
642				2		7		0.2		8.9		9.1
645				2		4		0.2		8.9		9.1
641				2		8		0.2		8.9		9.1
640				2		1		0.2		9.1		9.3
636				2		5		0.2		9.1		9.3
639				2		2		0.2		9.1		9.3
635				2		6		0.2		9.1		9.3
638				2		3		0.2		9.1		9.3
634				2		7		0.2		9.1		9.3
637				2		4		0.2		9.1		9.3
633				2		8		0.2		9.1		9.3
632				2		1		0.2		9.3		9.5
628				2		5		0.2		9.3		9.5
631				2		2		0.2		9.3		9.5
627				2		6		0.2		9.3		9.5
630				2		3		0.2		9.3		9.5
626				2		7		0.2		9.3		9.5
629				2		4		0.2		9.3		9.5
625				2		8		0.2		9.3		9.5
624				2		1		0.2		9.5		9.7
620				2		5		0.2		9.5		9.7
623				2		2		0.2		9.5		9.7
619				2		6		0.2		9.5		9.7
622				2		3		0.2		9.5		9.7
618				2		7		0.2		9.5		9.7
621				2		4		0.2		9.5		9.7
617				2		8		0.2		9.5		9.7
616				2		1		0.2		9.7		9.9
612				2		5		0.2		9.7		9.9
615				2		2		0.2		9.7		9.9
611				2		6		0.2		9.7		9.9
614				2		3		0.2		9.7		9.9
610				2		7		0.2		9.7		9.9
613				2		4		0.2		9.7		9.9
609				2		8		0.2		9.7		9.9
608				2		1		0.2		9.9		10.1
604				2		5		0.2		9.9		10.1
607				2		2		0.2		9.9		10.1
603				2		6		0.2		9.9		10.1
606				2		3		0.2		9.9		10.1
602				2		7		0.2		9.9		10.1
605				2		4		0.2		9.9		10.1
601				2		8		0.2		9.9		10.1
600				2		1		0.2		10.1		10.3
596				2		5		0.2		10.1		10.3
599				2		2		0.2		10.1		10.3
595				2		6		0.2		10.1		10.3
598				2		3		0.2		10.1		10.3
594				2		7		0.2		10.1		10.3
597				2		4		0.2		10.1		10.3
593				2		8		0.2		10.1		10.3
592				2		1		0.2		10.3		10.5
588				2		5		0.2		10.3		10.5
591				2		2		0.2		10.3		10.5
587				2		6		0.2		10.3		10.5
590				2		3		0.2		10.3		10.5
586				2		7		0.2		10.3		10.5
589				2		4		0.2		10.3		10.5
585				2		8		0.2		10.3		10.5
584				2		1		0.2		10.5		10.7
580				2		5		0.2		10.5		10.7
583				2		2		0.2		10.5		10.7
579				2		6		0.2		10.5		10.7
582				2		3		0.2		10.5		10.7
578				2		7		0.2		10.5		10.7
581				2		4		0.2		10.5		10.7
577				2		8		0.2		10.5		10.7
576				2		1		0.2		10.7		10.9
572				2		5		0.2		10.7		10.9
575				2		2		0.2		10.7		10.9
571				2		6		0.2		10.7		10.9
574				2		3		0.2		10.7		10.9
570				2		7		0.2		10.7		10.9
573				2		4		0.2		10.7		10.9
569				2		8		0.2		10.7		10.9
568				2		1		0.2		10.9		11.1
564				2		5		0.2		10.9		11.1
567				2		2		0.2		10.9		11.1
563				2		6		0.2		10.9		11.1
566				2		3		0.2		10.9		11.1
562				2		7		0.2		10.9		11.1
565				2		4		0.2		10.9		11.1
561				2		8		0.2		10.9		11.1
560				2		1		0.2		11.1		11.3
556				2		5		0.2		11.1		11.3
559				2		2		0.2		11.1		11.3
555				2		6		0.2		11.1		11.3
558				2		3		0.2		11.1		11.3
554				2		7		0.2		11.1		11.3
557				2		4		0.2		11.1		11.3
553				2		8		0.2		11.1		11.3
552				2		1		0.2		11.3		11.5
548				2		5		0.2		11.3		11.5
551				2		2		0.2		11.3		11.5
547				2		6		0.2		11.3		11.5
550				2		3		0.2		11.3		11.5
546				2		7		0.2		11.3		11.5
549				2		4		0.2		11.3		11.5
545				2		8		0.2		11.3		11.5
544				2		1		0.2		11.5		11.7
540				2		5		0.2		11.5		11.7
543				2		2		0.2		11.5		11.7
539				2		6		0.2		11.5		11.7
542				2		3		0.2		11.5		11.7
538				2		7		0.2		11.5		11.7
541				2		4		0.2		11.5		11.7
537				2		8		0.2		11.5		11.7
536				2		1		0.2		11.7		11.9
532				2		5		0.2		11.7		11.9
535				2		2		0.2		11.7		11.9
531				2		6		0.2		11.7		11.9
534				2		3		0.2		11.7		11.9
530				2		7		0.2		11.7		11.9
533				2		4		0.2		11.7		11.9
529				2		8		0.2		11.7		11.9
528				2		1		0.2		11.9		12.1
524				2		5		0.2		11.9		12.1
527				2		2		0.2		11.9		12.1
523				2		6		0.2		11.9		12.1
526				2		3		0.2		11.9		12.1
522				2		7		0.2		11.9		12.1
525				2		4		0.2		11.9		12.1
521				2		8		0.2		11.9		12.1
520				2		1		0.2		12.1		12.3
516				2		5		0.2		12.1		12.3
519				2		2		0.2		12.1		12.3
515				2		6		0.2		12.1		12.3
518				2		3		0.2		12.1		12.3
514				2		7		0.2		12.1		12.3
517				2		4		0.2		12.1		12.3
513				2		8		0.2		12.1		12.3
512				2		1		0.2		12.3		12.5
508				2		5		0.2		12.3		12.5
511				2		2		0.2		12.3		12.5
507				2		6		0.2		12.3		12.5
510				2		3		0.2		12.3		12.5
506				2		7		0.2		12.3		12.5
509				2		4		0.2		12.3		12.5
505				2		8		0.2		12.3		12.5
504				2		1		0.2		12.5		12.7
500				2		5		0.2		12.5		12.7
503				2		2		0.2		12.5		12.7
499				2		6		0.2		12.5		12.7
502				2		3		0.2		12.5		12.7
498				2		7		0.2		12.5		12.7
501				2		4		0.2		12.5		12.7
497				2		8		0.2		12.5		12.7
496				2		1		0.2		12.7		12.9
492				2		5		0.2		12.7		12.9
495				2		2		0.2		12.7		12.9
491				2		6		0.2		12.7		12.9
494				2		3		0.2		12.7		12.9
490				2		7		0.2		12.7		12.9
493				2		4		0.2		12.7		12.9
489				2		8		0.2		12.7		12.9
488				2		1		0.2		12.9		13.1
484				2		5		0.2		12.9		13.1
487				2		2		0.2		12.9		13.1
483				2		6		0.2		12.9		13.1
486				2		3		0.2		12.9		13.1
482				2		7		0.2		12.9		13.1
485				2		4		0.2		12.9		13.1
481				2		8		0.2		12.9		13.1
480				2		1		0.2		13.1		13.3
476				2		5		0.2		13.1		13.3
479				2		2		0.2		13.1		13.3
475				2		6		0.2		13.1		13.3
478				2		3		0.2		13.1		13.3
474				2		7		0.2		13.1		13.3
477				2		4		0.2		13.1		13.3
473				2		8		0.2		13.1		13.3
472				2		1		0.2		13.3		13.5
468				2		5		0.2		13.3		13.5
471				2		2		0.2		13.3		13.5
467				2		6		0.2		13.3		13.5
470				2		3		0.2		13.3		13.5
466				2		7		0.2		13.3		13.5
469				2		4		0.2		13.3		13.5
465				2		8		0.2		13.3		13.5
464				2		1		0.2		13.5		13.7
460				2		5		0.2		13.5		13.7
463				2		2		0.2		13.5		13.7
459				2		6		0.2		13.5		13.7
462				2		3		0.2		13.5		13.7
458				2		7		0.2		13.5		13.7
461				2		4		0.2		13.5		13.7
457				2		8		0.2		13.5		13.7
456				2		1		0.2		13.7		13.9
452				2		5		0.2		13.7		13.9
455				2		2		0.2		13.7		13.9
451				2		6		0.2		13.7		13.9
454				2		3		0.2		13.7		13.9
450				2		7		0.2		13.7		13.9
453				2		4		0.2		13.7		13.9
449				2		8		0.2		13.7		13.9
448				2		1		0.2		13.9		14.1
444				2		5		0.2		13.9		14.1
447				2		2		0.2		13.9		14.1
443				2		6		0.2		13.9		14.1
446				2		3		0.2		13.9		14.1
442				2		7		0.2		13.9		14.1
445				2		4		0.2		13.9		14.1
441				2		8		0.2		13.9		14.1
440				2		1		0.2		14.1		14.3
436				2		5		0.2		14.1		14.3
439				2		2		0.2		14.1		14.3
435				2		6		0.2		14.1		14.3
438				2		3		0.2		14.1		14.3
434				2		7		0.2		14.1		14.3
437				2		4		0.2		14.1		14.3
433				2		8		0.2		14.1		14.3
432				2		1		0.2		14.3		14.5
428				2		5		0.2		14.3		14.5
431				2		2		0.2		14.3		14.5
427				2		6		0.2		14.3		14.5
430				2		3		0.2		14.3		14.5
426				2		7		0.2		14.3		14.5
429				2		4		0.2		14.3		14.5
425				2		8		0.2		14.3		14.5
424				2		1		0.2		14.5		14.7
420				2		5		0.2		14.5		14.7
423				2		2		0.2		14.5		14.7
419				2		6		0.2		14.5		14.7
422				2		3		0.2		14.5		14.7
418				2		7		0.2		14.5		14.7
421				2		4		0.2		14.5		14.7
417				2		8		0.2		14.5		14.7
416				2		1		0.2		14.7		14.9
412				2		5		0.2		14.7		14.9
415				2		2		0.2		14.7		14.9
411				2		6		0.2		14.7		14.9
414				2		3		0.2		14.7		14.9
410				2		7		0.2		14.7		14.9
413				2		4		0.2		14.7		14.9
409				2		8		0.2		14.7		14.9
408				2		1		0.2		14.9		15.1
404				2		5		0.2		14.9		15.1
407				2		2		0.2		14.9		15.1
403				2		6		0.2		14.9		15.1
406				2		3		0.2		14.9		15.1
402				2		7		0.2		14.9		15.1
405				2		4		0.2		14.9		15.1
401				2		8		0.2		14.9		15.1
400				2		1		0.2		15.1		15.3
396				2		5		0.2		15.1		15.3
399				2		2		0.2		15.1		15.3
395				2		6		0.2		15.1		15.3
398				2		3		0.2		15.1		15.3
394				2		7		0.2		15.1		15.3
397				2		4		0.2		15.1		15.3
393				2		8		0.2		15.1		15.3
392				2		1		0.2		15.3		15.5
388				2		5		0.2		15.3		15.5
391				2		2		0.2		15.3		15.5
387				2		6		0.2		15.3		15.5
390				2		3		0.2		15.3		15.5
386				2		7		0.2		15.3		15.5
389				2		4		0.2		15.3		15.5
385				2		8		0.2		15.3		15.5
384				2		1		0.2		15.5		15.7
380				2		5		0.2		15.5		15.7
383				2		2		0.2		15.5		15.7
379				2		6		0.2		15.5		15.7
382				2		3		0.2		15.5		15.7
378				2		7		0.2		15.5		15.7
381				2		4		0.2		15.5		15.7
377				2		8		0.2		15.5		15.7
376				2		1		0.2		15.7		15.9
372				2		5		0.2		15.7		15.9
375				2		2		0.2		15.7		15.9
371				2		6		0.2		15.7		15.9
374				2		3		0.2		15.7		15.9
370				2		7		0.2		15.7		15.9
373				2		4		0.2		15.7		15.9
369				2		8		0.2		15.7		15.9
368				2		1		0.2		15.9		16.1
364				2		5		0.2		15.9		16.1
367				2		2		0.2		15.9		16.1
363				2		6		0.2		15.9		16.1
366				2		3		0.2		15.9		16.1
362				2		7		0.2		15.9		16.1
365				2		4		0.2		15.9		16.1
361				2		8		0.2		15.9		16.1
360				2		1		0.2		16.1		16.3
356				2		5		0.2		16.1		16.3
359				2		2		0.2		16.1		16.3
355				2		6		0.2		16.1		16.3
358				2		3		0.2		16.1		16.3
354				2		7		0.2		16.1		16.3
357				2		4		0.2		16.1		16.3
353				2		8		0.2		16.1		16.3
352				2		1		0.2		16.3		16.5
348				2		5		0.2		16.3		16.5
351				2		2		0.2		16.3		16.5
347				2		6		0.2		16.3		16.5
350				2		3		0.2		16.3		16.5
346				2		7		0.2		16.3		16.5
349				2		4		0.2		16.3		16.5
345				2		8		0.2		16.3		16.5
344				2		1		0.2		16.5		16.7
340				2		5		0.2		16.5		16.7
343				2		2		0.2		16.5		16.7
339				2		6		0.2		16.5		16.7
342				2		3		0.2		16.5		16.7
338				2		7		0.2		16.5		16.7
341				2		4		0.2		16.5		16.7
337				2		8		0.2		16.5		16.7
336				2		1		0.2		16.7		16.9
332				2		5		0.2		16.7		16.9
335				2		2		0.2		16.7		16.9
331				2		6		0.2		16.7		16.9
334				2		3		0.2		16.7		16.9
330				2		7		0.2		16.7		16.9
333				2		4		0.2		16.7		16.9
329				2		8		0.2		16.7		16.9
328				2		1		0.2		16.9		17.1
324				2		5		0.2		16.9		17.1
327				2		2		0.2		16.9		17.1
323				2		6		0.2		16.9		17.1
326				2		3		0.2		16.9		17.1
322				2		7		0.2		16.9		17.1
325				2		4		0.2		16.9		17.1
321				2		8		0.2		16.9		17.1
320				2		1		0.2		17.1		17.3
316				2		5		0.2		17.1		17.3
319				2		2		0.2		17.1		17.3
315				2		6		0.2		17.1		17.3
318				2		3		0.2		17.1		17.3
314				2		7		0.2		17.1		17.3
317				2		4		0.2		17.1		17.3
313				2		8		0.2		17.1		17.3
312				2		1		0.2		17.3		17.5
308				2		5		0.2		17.3		17.5
311				2		2		0.2		17.3		17.5
307				2		6		0.2		17.3		17.5
310				2		3		0.2		17.3		17.5
306				2		7		0.2		17.3		17.5
309				2		4		0.2		17.3		17.5
305				2		8		0.2		17.3		17.5
304				2		1		0.2		17.5		17.7
300				2		5		0.2		17.5		17.7
303				2		2		0.2		17.5		17.7
299				2		6		0.2		17.5		17.7
302				2		3		0.2		17.5		17.7
298				2		7		0.2		17.5		17.7
301				2		4		0.2		17.5		17.7
297				2		8		0.2		17.5		17.7
296				2		1		0.2		17.7		17.9
292				2		5		0.2		17.7		17.9
295				2		2		0.2		17.7		17.9
291				2		6		0.2		17.7		17.9
294				2		3		0.2		17.7		17.9
290				2		7		0.2		17.7		17.9
293				2		4		0.2		17.7		17.9
289				2		8		0.2		17.7		17.9
288				2		1		0.2		17.9		18.1
284				2		5		0.2		17.9		18.1
287				2		2		0.2		17.9		18.1
283				2		6		0.2		17.9		18.1
286				2		3		0.2		17.9		18.1
282				2		7		0.2		17.9		18.1
285				2		4		0.2		17.9		18.1
281				2		8		0.2		17.9		18.1
280				2		1		0.2		18.1		18.3
276				2		5		0.2		18.1		18.3
279				2		2		0.2		18.1		18.3
275				2		6		0.2		18.1		18.3
278				2		3		0.2		18.1		18.3
274				2		7		0.2		18.1		18.3
277				2		4		0.2		18.1		18.3
273				2		8		0.2		18.1		18.3
272				2		1		0.2		18.3		18.5
268				2		5		0.2		18.3		18.5
271				2		2		0.2		18.3		18.5
267				2		6		0.2		18.3		18.5
270				2		3		0.2		18.3		18.5
266				2		7		0.2		18.3		18.5
269				2		4		0.2		18.3		18.5
265				2		8		0.2		18.3		18.5
264				2		1		0.2		18.5		18.7
260				2		5		0.2		18.5		18.7
263				2		2		0.2		18.5		18.7
259				2		6		0.2		18.5		18.7
262				2		3		0.2		18.5		18.7
258				2		7		0.2		18.5		18.7
261				2		4		0.2		18.5		18.7
257				2		8		0.2		18.5		18.7
256				2		1		0.2		18.7		18.9
252				2		5		0.2		18.7		18.9
255				2		2		0.2		18.7		18.9
251				2		6		0.2		18.7		18.9
254				2		3		0.2		18.7		18.9
250				2		7		0.2		18.7		18.9
253				2		4		0.2		18.7		18.9
249				2		8		0.2		18.7		18.9
248				2		1		0.2		18.9		19.1
244				2		5		0.2		18.9		19.1
247				2		2		0.2		18.9		19.1
243				2		6		0.2		18.9		19.1
246				2		3		0.2		18.9		19.1
242				2		7		0.2		18.9		19.1
245				2		4		0.2		18.9		19.1
241				2		8		0.2		18.9		19.1
240				2		1		0.2		19.1		19.3
236				2		5		0.2		19.1		19.3
239				2		2		0.2		19.1		19.3
235				2		6		0.2		19.1		19.3
238				2		3		0.2		19.1		19.3
234				2		7		0.2		19.1		19.3
237				2		4		0.2		19.1		19.3
233				2		8		0.2		19.1		19.3
232				2		1		0.2		19.3		19.5
228				2		5		0.2		19.3		19.5
231				2		2		0.2		19.3		19.5
227				2		6		0.2		19.3		19.5
230				2		3		0.2		19.3		19.5
226				2		7		0.2		19.3		19.5
229				2		4		0.2		19.3		19.5
225				2		8		0.2		19.3		19.5
224				2		1		0.2		19.5		19.7
220				2		5		0.2		19.5		19.7
223				2		2		0.2		19.5		19.7
219				2		6		0.2		19.5		19.7
222				2		3		0.2		19.5		19.7
218				2		7		0.2		19.5		19.7
221				2		4		0.2		19.5		19.7
217				2		8		0.2		19.5		19.7
216				2		1		0.2		19.7		19.9
212				2		5		0.2		19.7		19.9
215				2		2		0.2		19.7		19.9
211				2		6		0.2		19.7		19.9
214				2		3		0.2		19.7		19.9
210				2		7		0.2		19.7		19.9
213				2		4		0.2		19.7		19.9
209				2		8		0.2		19.7		19.9
208				2		1		0.2		19.9		20.1
204				2		5		0.2		19.9		20.1
207				2		2		0.2		19.9		20.1
203				2		6		0.2		19.9		20.1
206				2		3		0.2		19.9		20.1
202				2		7		0.2		19.9		20.1
205				2		4		0.2		19.9		20.1
201				2		8		0.2		19.9		20.1
200				2		1		0.2		20.1		20.3
196				2		5		0.2		20.1		20.3
199				2		2		0.2		20.1		20.3
195				2		6		0.2		20.1		20.3
198				2		3		0.2		20.1		20.3
194				2		7		0.2		20.1		20.3
197				2		4		0.2		20.1		20.3
193				2		8		0.2		20.1		20.3
192				2		1		0.2		20.3		20.5
188				2		5		0.2		20.3		20.5
191				2		2		0.2		20.3		20.5
187				2		6		0.2		20.3		20.5
190				2		3		0.2		20.3		20.5
186				2		7		0.2		20.3		20.5
189				2		4		0.2		20.3		20.5
185				2		8		0.2		20.3		20.5
184				2		1		0.2		20.5		20.7
180				2		5		0.2		20.5		20.7
183				2		2		0.2		20.5		20.7
179				2		6		0.2		20.5		20.7
182				2		3		0.2		20.5		20.7
178				2		7		0.2		20.5		20.7
181				2		4		0.2		20.5		20.7
177				2		8		0.2		20.5		20.7
176				2		1		0.2		20.7		20.9
172				2		5		0.2		20.7		20.9
175				2		2		0.2		20.7		20.9
171				2		6		0.2		20.7		20.9
174				2		3		0.2		20.7		20.9
170				2		7		0.2		20.7		20.9
173				2		4		0.2		20.7		20.9
169				2		8		0.2		20.7		20.9
168				2		1		0.2		20.9		21.1
164				2		5		0.2		20.9		21.1
167				2		2		0.2		20.9		21.1
163				2		6		0.2		20.9		21.1
166				2		3		0.2		20.9		21.1
162				2		7		0.2		20.9		21.1
165				2		4		0.2		20.9		21.1
161				2		8		0.2		20.9		21.1
160				2		1		0.2		21.1		21.3
156				2		5		0.2		21.1		21.3
159				2		2		0.2		21.1		21.3
155				2		6		0.2		21.1		21.3
158				2		3		0.2		21.1		21.3
154				2		7		0.2		21.1		21.3
157				2		4		0.2		21.1		21.3
153				2		8		0.2		21.1		21.3
152				2		1		0.2		21.3		21.5
148				2		5		0.2		21.3		21.5
151				2		2		0.2		21.3		21.5
147				2		6		0.2		21.3		21.5
150				2		3		0.2		21.3		21.5
146				2		7		0.2		21.3		21.5
149				2		4		0.2		21.3		21.5
145				2		8		0.2		21.3		21.5
144				2		1		0.2		21.5		21.7
140				2		5		0.2		21.5		21.7
143				2		2		0.2		21.5		21.7
139				2		6		0.2		21.5		21.7
142				2		3		0.2		21.5		21.7
138				2		7		0.2		21.5		21.7
141				2		4		0.2		21.5		21.7
137				2		8		0.2		21.5		21.7
136				2		1		0.2		21.7		21.9
132				2		5		0.2		21.7		21.9
135				2		2		0.2		21.7		21.9
131				2		6		0.2		21.7		21.9
134				2		3		0.2		21.7		21.9
130				2		7		0.2		21.7		21.9
133				2		4		0.2		21.7		21.9
129				2		8		0.2		21.7		21.9
128				2		1		0.2		21.9		22.1
124				2		5		0.2		21.9		22.1
127				2		2		0.2		21.9		22.1
123				2		6		0.2		21.9		22.1
126				2		3		0.2		21.9		22.1
122				2		7		0.2		21.9		22.1
125				2		4		0.2		21.9		22.1
121				2		8		0.2		21.9		22.1
120				2		1		0.2		22.1		22.3
116				2		5		0.2		22.1		22.3
119				2		2		0.2		22.1		22.3
115				2		6		0.2		22.1		22.3
118				2		3		0.2		22.1		22.3
114				2		7		0.2		22.1		22.3
117				2		4		0.2		22.1		22.3
113				2		8		0.2		22.1		22.3
112				2		1		0.2		22.3		22.5
108				2		5		0.2		22.3		22.5
111				2		2		0.2		22.3		22.5
107				2		6		0.2		22.3		22.5
110				2		3		0.2		22.3		22.5
106				2		7		0.2		22.3		22.5
109				2		4		0.2		22.3		22.5
105				2		8		0.2		22.3		22.5
104				2		1		0.2		22.5		22.7
100				2		5		0.2		22.5		22.7
103				2		2		0.2		22.5		22.7
99				2		6		0.2		22.5		22.7
102				2		3		0.2		22.5		22.7
98				2		7		0.2		22.5		22.7
101				2		4		0.2		22.5		22.7
97				2		8		0.2		22.5		22.7
96				2		1		0.2		22.7		22.9
92				2		5		0.2		22.7		22.9
95				2		2		0.2		22.7		22.9
91				2		6		0.2		22.7		22.9
94				2		3		0.2		22.7		22.9
90				2		7		0.2		22.7		22.9
93				2		4		0.2		22.7		22.9
89				2		8		0.2		22.7		22.9
88				2		1		0.2		22.9		23.1
84				2		5		0.2		22.9		23.1
87				2		2		0.2		22.9		23.1
83				2		6		0.2		22.9		23.1
86				2		3		0.2		22.9		23.1
82				2		7		0.2		22.9		23.1
85				2		4		0.2		22.9		23.1
81				2		8		0.2		22.9		23.1
80				2		1		0.2		23.1		23.3
76				2		5		0.2		23.1		23.3
79				2		2		0.2		23.1		23.3
75				2		6		0.2		23.1		23.3
78				2		3		0.2		23.1		23.3
74				2		7		0.2		23.1		23.3
77				2		4		0.2		23.1		23.3
73				2		8		0.2		23.1		23.3
72				2		1		0.2		23.3		23.5
68				2		5		0.2		23.3		23.5
71				2		2		0.2		23.3		23.5
67				2		6		0.2		23.3		23.5
70				2		3		0.2		23.3		23.5
66				2		7		0.2		23.3		23.5
69				2		4		0.2		23.3		23.5
65				2		8		0.2		23.3		23.5
64				2		1		0.2		23.5		23.7
60				2		5		0.2		23.5		23.7
63				2		2		0.2		23.5		23.7
59				2		6		0.2		23.5		23.7
62				2		3		0.2		23.5		23.7
58				2		7		0.2		23.5		23.7
61				2		4		0.2		23.5		23.7
57				2		8		0.2		23.5		23.7
56				2		1		0.2		23.7		23.9
52				2		5		0.2		23.7		23.9
55				2		2		0.2		23.7		23.9
51				2		6		0.2		23.7		23.9
54				2		3		0.2		23.7		23.9
50				2		7		0.2		23.7		23.9
53				2		4		0.2		23.7		23.9
49				2		8		0.2		23.7		23.9
48				2		1		0.2		23.9		24.1
44				2		5		0.2		23.9		24.1
47				2		2		0.2		23.9		24.1
43				2		6		0.2		23.9		24.1
46				2		3		0.2		23.9		24.1
42				2		7		0.2		23.9		24.1
45				2		4		0.2		23.9		24.1
41				2		8		0.2		23.9		24.1
40				2		1		0.2		24.1		24.3
36				2		5		0.2		24.1		24.3
39				2		2		0.2		24.1		24.3
35				2		6		0.2		24.1		24.3
38				2		3		0.2		24.1		24.3
34				2		7		0.2		24.1		24.3
37				2		4		0.2		24.1		24.3
33				2		8		0.2		24.1		24.3
32				2		1		0.2		24.3		24.5
28				2		5		0.2		24.3		24.5
31				2		2		0.2		24.3		24.5
27				2		6		0.2		24.3		24.5
30				2		3		0.2		24.3		24.5
26				2		7		0.2		24.3		24.5
29				2		4		0.2		24.3		24.5
25				2		8		0.2		24.3		24.5
24				2		1		0.2		24.5		24.7
20				2		5		0.2		24.5		24.7
23				2		2		0.2		24.5		24.7
19				2		6		0.2		24.5		24.7
22				2		3		0.2		24.5		24.7
18				2		7		0.2		24.5		24.7
21				2		4		0.2		24.5		24.7
17				2		8		0.2		24.5		24.7
16				2		1		0.2		24.7		24.9
12				2		5		0.2		24.7		24.9
15				2		2		0.2		24.7		24.9
11				2		6		0.2		24.7		24.9
14				2		3		0.2		24.7		24.9
10				2		7		0.2		24.7		24.9
13				2		4		0.2		24.7		24.9
9				2		8		0.2		24.7		24.9
8				2		1		0.2		24.9		25.1
4				2		5		0.2		24.9		25.1
7				2		2		0.2		24.9		25.1
3				2		6		0.2		24.9		25.1
6				2		3		0.2		24.9		25.1
2				2		7		0.2		24.9		25.1
5				2		4		0.2		24.9		25.1
1				2		8		0.2		24.9		25.1
========== OUTPUT ==========
Cloudlet ID	Data center ID	VM ID	Time	Start Time	Finish Time
1000				2		1		0.11		0.1		0.21
999				2		2		0.11		0.1		0.21
998				2		1		0.11		0.21		0.32
997				2		2		0.11		0.21		0.32
996				2		1		0.11		0.32		0.43
995				2		2		0.11		0.32		0.43
994				2		1		0.11		0.43		0.54
993				2		2		0.11		0.43		0.54
992				2		1		0.11		0.54		0.65
991				2		2		0.11		0.54		0.65
990				2		1		0.11		0.65		0.76
989				2		2		0.11		0.65		0.76
988				2		1		0.11		0.76		0.87
987				2		2		0.11		0.76		0.87
986				2		1		0.11		0.87		0.98
985				2		2		0.11		0.87		0.98
984				2		1		0.11		0.98		1.09
983				2		2		0.11		0.98		1.09
982				2		1		0.11		1.09		1.2
981				2		2		0.11		1.09		1.2
980				2		1		0.11		1.2		1.31
979				2		2		0.11		1.2		1.31
978				2		1		0.11		1.31		1.42
977				2		2		0.11		1.31		1.42
976				2		1		0.11		1.42		1.53
975				2		2		0.11		1.42		1.53
974				2		1		0.11		1.53		1.64
973				2		2		0.11		1.53		1.64
972				2		1		0.11		1.64		1.75
971				2		2		0.11		1.64		1.75
970				2		1		0.11		1.75		1.86
969				2		2		0.11		1.75		1.86
968				2		1		0.11		1.86		1.97
967				2		2		0.11		1.86		1.97
966				2		1		0.11		1.97		2.08
965				2		2		0.11		1.97		2.08
964				2		1		0.11		2.08		2.19
963				2		2		0.11		2.08		2.19
962				2		1		0.11		2.19		2.3
961				2		2		0.11		2.19		2.3
960				2		1		0.11		2.3		2.41
959				2		2		0.11		2.3		2.41
958				2		1		0.11		2.41		2.52
957				2		2		0.11		2.41		2.52
956				2		1		0.11		2.52		2.63
955				2		2		0.11		2.52		2.63
954				2		1		0.11		2.63		2.74
953				2		2		0.11		2.63		2.74
952				2		1		0.11		2.74		2.85
951				2		2		0.11		2.74		2.85
950				2		1		0.11		2.85		2.96
949				2		2		0.11		2.85		2.96
948				2		1		0.11		2.96		3.07
947				2		2		0.11		2.96		3.07
946				2		1		0.11		3.07		3.18
945				2		2		0.11		3.07		3.18
944				2		1		0.11		3.18		3.29
943				2		2		0.11		3.18		3.29
942				2		1		0.11		3.29		3.4
941				2		2		0.11		3.29		3.4
940				2		1		0.11		3.4		3.51
939				2		2		0.11		3.4		3.51
938				2		1		0.11		3.51		3.62
937				2		2		0.11		3.51		3.62
936				2		1		0.11		3.62		3.73
935				2		2		0.11		3.62		3.73
934				2		1		0.11		3.73		3.84
933				2		2		0.11		3.73		3.84
932				2		1		0.11		3.84		3.95
931				2		2		0.11		3.84		3.95
930				2		1		0.11		3.95		4.06
929				2		2		0.11		3.95		4.06
928				2		1		0.11		4.06		4.17
927				2		2		0.11		4.06		4.17
926				2		1		0.11		4.17		4.28
925				2		2		0.11		4.17		4.28
924				2		1		0.11		4.28		4.39
923				2		2		0.11		4.28		4.39
922				2		1		0.11		4.39		4.5
921				2		2		0.11		4.39		4.5
920				2		1		0.11		4.5		4.61
919				2		2		0.11		4.5		4.61
918				2		1		0.11		4.61		4.72
917				2		2		0.11		4.61		4.72
916				2		1		0.11		4.72		4.83
915				2		2		0.11		4.72		4.83
914				2		1		0.11		4.83		4.94
913				2		2		0.11		4.83		4.94
912				2		1		0.11		4.94		5.05
911				2		2		0.11		4.94		5.05
910				2		1		0.11		5.05		5.16
909				2		2		0.11		5.05		5.16
908				2		1		0.11		5.16		5.27
907				2		2		0.11		5.16		5.27
906				2		1		0.11		5.27		5.38
905				2		2		0.11		5.27		5.38
904				2		1		0.11		5.38		5.49
903				2		2		0.11		5.38		5.49
902				2		1		0.11		5.49		5.6
901				2		2		0.11		5.49		5.6
900				2		1		0.11		5.6		5.71
899				2		2		0.11		5.6		5.71
898				2		1		0.11		5.71		5.82
897				2		2		0.11		5.71		5.82
896				2		1		0.11		5.82		5.93
895				2		2		0.11		5.82		5.93
894				2		1		0.11		5.93		6.04
893				2		2		0.11		5.93		6.04
892				2		1		0.11		6.04		6.15
891				2		2		0.11		6.04		6.15
890				2		1		0.11		6.15		6.26
889				2		2		0.11		6.15		6.26
888				2		1		0.11		6.26		6.37
887				2		2		0.11		6.26		6.37
886				2		1		0.11		6.37		6.48
885				2		2		0.11		6.37		6.48
884				2		1		0.11		6.48		6.59
883				2		2		0.11		6.48		6.59
882				2		1		0.11		6.59		6.7
881				2		2		0.11		6.59		6.7
880				2		1		0.11		6.7		6.81
879				2		2		0.11		6.7		6.81
878				2		1		0.11		6.81		6.92
877				2		2		0.11		6.81		6.92
876				2		1		0.11		6.92		7.03
875				2		2		0.11		6.92		7.03
874				2		1		0.11		7.03		7.14
873				2		2		0.11		7.03		7.14
872				2		1		0.11		7.14		7.25
871				2		2		0.11		7.14		7.25
870				2		1		0.11		7.25		7.36
869				2		2		0.11		7.25		7.36
868				2		1		0.11		7.36		7.47
867				2		2		0.11		7.36		7.47
866				2		1		0.11		7.47		7.58
865				2		2		0.11		7.47		7.58
864				2		1		0.11		7.58		7.69
863				2		2		0.11		7.58		7.69
862				2		1		0.11		7.69		7.8
861				2		2		0.11		7.69		7.8
860				2		1		0.11		7.8		7.91
859				2		2		0.11		7.8		7.91
858				2		1		0.11		7.91		8.02
857				2		2		0.11		7.91		8.02
856				2		1		0.11		8.02		8.13
855				2		2		0.11		8.02		8.13
854				2		1		0.11		8.13		8.24
853				2		2		0.11		8.13		8.24
852				2		1		0.11		8.24		8.35
851				2		2		0.11		8.24		8.35
850				2		1		0.11		8.35		8.46
849				2		2		0.11		8.35		8.46
848				2		1		0.11		8.46		8.57
847				2		2		0.11		8.46		8.57
846				2		1		0.11		8.57		8.68
845				2		2		0.11		8.57		8.68
844				2		1		0.11		8.68		8.79
843				2		2		0.11		8.68		8.79
842				2		1		0.11		8.79		8.9
841				2		2		0.11		8.79		8.9
840				2		1		0.11		8.9		9.01
839				2		2		0.11		8.9		9.01
838				2		1		0.11		9.01		9.12
837				2		2		0.11		9.01		9.12
836				2		1		0.11		9.12		9.23
835				2		2		0.11		9.12		9.23
834				2		1		0.11		9.23		9.34
833				2		2		0.11		9.23		9.34
832				2		1		0.11		9.34		9.45
831				2		2		0.11		9.34		9.45
830				2		1		0.11		9.45		9.56
829				2		2		0.11		9.45		9.56
828				2		1		0.11		9.56		9.67
827				2		2		0.11		9.56		9.67
826				2		1		0.11		9.67		9.78
825				2		2		0.11		9.67		9.78
824				2		1		0.11		9.78		9.89
823				2		2		0.11		9.78		9.89
822				2		1		0.11		9.89		10
821				2		2		0.11		9.89		10
820				2		1		0.11		10		10.11
819				2		2		0.11		10		10.11
818				2		1		0.11		10.11		10.22
817				2		2		0.11		10.11		10.22
816				2		1		0.11		10.22		10.33
815				2		2		0.11		10.22		10.33
814				2		1		0.11		10.33		10.44
813				2		2		0.11		10.33		10.44
812				2		1		0.11		10.44		10.55
811				2		2		0.11		10.44		10.55
810				2		1		0.11		10.55		10.66
809				2		2		0.11		10.55		10.66
808				2		1		0.11		10.66		10.77
807				2		2		0.11		10.66		10.77
806				2		1		0.11		10.77		10.88
805				2		2		0.11		10.77		10.88
804				2		1		0.11		10.88		10.99
803				2		2		0.11		10.88		10.99
802				2		1		0.11		10.99		11.1
801				2		2		0.11		10.99		11.1
800				2		1		0.11		11.1		11.21
799				2		2		0.11		11.1		11.21
798				2		1		0.11		11.21		11.32
797				2		2		0.11		11.21		11.32
796				2		1		0.11		11.32		11.43
795				2		2		0.11		11.32		11.43
794				2		1		0.11		11.43		11.54
793				2		2		0.11		11.43		11.54
792				2		1		0.11		11.54		11.65
791				2		2		0.11		11.54		11.65
790				2		1		0.11		11.65		11.76
789				2		2		0.11		11.65		11.76
788				2		1		0.11		11.76		11.87
787				2		2		0.11		11.76		11.87
786				2		1		0.11		11.87		11.98
785				2		2		0.11		11.87		11.98
784				2		1		0.11		11.98		12.09
783				2		2		0.11		11.98		12.09
782				2		1		0.11		12.09		12.2
781				2		2		0.11		12.09		12.2
780				2		1		0.11		12.2		12.31
779				2		2		0.11		12.2		12.31
778				2		1		0.11		12.31		12.42
777				2		2		0.11		12.31		12.42
776				2		1		0.11		12.42		12.53
775				2		2		0.11		12.42		12.53
774				2		1		0.11		12.53		12.64
773				2		2		0.11		12.53		12.64
772				2		1		0.11		12.64		12.75
771				2		2		0.11		12.64		12.75
770				2		1		0.11		12.75		12.86
769				2		2		0.11		12.75		12.86
768				2		1		0.11		12.86		12.97
767				2		2		0.11		12.86		12.97
766				2		1		0.11		12.97		13.08
765				2		2		0.11		12.97		13.08
764				2		1		0.11		13.08		13.19
763				2		2		0.11		13.08		13.19
762				2		1		0.11		13.19		13.3
761				2		2		0.11		13.19		13.3
760				2		1		0.11		13.3		13.41
759				2		2		0.11		13.3		13.41
758				2		1		0.11		13.41		13.52
757				2		2		0.11		13.41		13.52
756				2		1		0.11		13.52		13.63
755				2		2		0.11		13.52		13.63
754				2		1		0.11		13.63		13.74
753				2		2		0.11		13.63		13.74
752				2		1		0.11		13.74		13.85
751				2		2		0.11		13.74		13.85
750				2		1		0.11		13.85		13.96
749				2		2		0.11		13.85		13.96
748				2		1		0.11		13.96		14.07
747				2		2		0.11		13.96		14.07
746				2		1		0.11		14.07		14.18
745				2		2		0.11		14.07		14.18
744				2		1		0.11		14.18		14.29
743				2		2		0.11		14.18		14.29
742				2		1		0.11		14.29		14.4
741				2		2		0.11		14.29		14.4
740				2		1		0.11		14.4		14.51
739				2		2		0.11		14.4		14.51
738				2		1		0.11		14.51		14.62
737				2		2		0.11		14.51		14.62
736				2		1		0.11		14.62		14.73
735				2		2		0.11		14.62		14.73
734				2		1		0.11		14.73		14.84
733				2		2		0.11		14.73		14.84
732				2		1		0.11		14.84		14.95
731				2		2		0.11		14.84		14.95
730				2		1		0.11		14.95		15.06
729				2		2		0.11		14.95		15.06
728				2		1		0.11		15.06		15.17
727				2		2		0.11		15.06		15.17
726				2		1		0.11		15.17		15.28
725				2		2		0.11		15.17		15.28
724				2		1		0.11		15.28		15.39
723				2		2		0.11		15.28		15.39
722				2		1		0.11		15.39		15.5
721				2		2		0.11		15.39		15.5
720				2		1		0.11		15.5		15.61
719				2		2		0.11		15.5		15.61
718				2		1		0.11		15.61		15.72
717				2		2		0.11		15.61		15.72
716				2		1		0.11		15.72		15.83
715				2		2		0.11		15.72		15.83
714				2		1		0.11		15.83		15.94
713				2		2		0.11		15.83		15.94
712				2		1		0.11		15.94		16.05
711				2		2		0.11		15.94		16.05
710				2		1		0.11		16.05		16.16
709				2		2		0.11		16.05		16.16
708				2		1		0.11		16.16		16.27
707				2		2		0.11		16.16		16.27
706				2		1		0.11		16.27		16.38
705				2		2		0.11		16.27		16.38
704				2		1		0.11		16.38		16.49
703				2		2		0.11		16.38		16.49
702				2		1		0.11		16.49		16.6
701				2		2		0.11		16.49		16.6
700				2		1		0.11		16.6		16.71
699				2		2		0.11		16.6		16.71
698				2		1		0.11		16.71		16.82
697				2		2		0.11		16.71		16.82
696				2		1		0.11		16.82		16.93
695				2		2		0.11		16.82		16.93
694				2		1		0.11		16.93		17.04
693				2		2		0.11		16.93		17.04
692				2		1		0.11		17.04		17.15
691				2		2		0.11		17.04		17.15
690				2		1		0.11		17.15		17.26
689				2		2		0.11		17.15		17.26
688				2		1		0.11		17.26		17.37
687				2		2		0.11		17.26		17.37
686				2		1		0.11		17.37		17.48
685				2		2		0.11		17.37		17.48
684				2		1		0.11		17.48		17.59
683				2		2		0.11		17.48		17.59
682				2		1		0.11		17.59		17.7
681				2		2		0.11		17.59		17.7
680				2		1		0.11		17.7		17.81
679				2		2		0.11		17.7		17.81
678				2		1		0.11		17.81		17.92
677				2		2		0.11		17.81		17.92
676				2		1		0.11		17.92		18.03
675				2		2		0.11		17.92		18.03
674				2		1		0.11		18.03		18.14
673				2		2		0.11		18.03		18.14
672				2		1		0.11		18.14		18.25
671				2		2		0.11		18.14		18.25
670				2		1		0.11		18.25		18.36
669				2		2		0.11		18.25		18.36
668				2		1		0.11		18.36		18.47
667				2		2		0.11		18.36		18.47
666				2		1		0.11		18.47		18.58
665				2		2		0.11		18.47		18.58
664				2		1		0.11		18.58		18.69
663				2		2		0.11		18.58		18.69
662				2		1		0.11		18.69		18.8
661				2		2		0.11		18.69		18.8
660				2		1		0.11		18.8		18.91
659				2		2		0.11		18.8		18.91
658				2		1		0.11		18.91		19.02
657				2		2		0.11		18.91		19.02
656				2		1		0.11		19.02		19.13
655				2		2		0.11		19.02		19.13
654				2		1		0.11		19.13		19.24
653				2		2		0.11		19.13		19.24
652				2		1		0.11		19.24		19.35
651				2		2		0.11		19.24		19.35
650				2		1		0.11		19.35		19.46
649				2		2		0.11		19.35		19.46
648				2		1		0.11		19.46		19.57
647				2		2		0.11		19.46		19.57
646				2		1		0.11		19.57		19.68
645				2		2		0.11		19.57		19.68
644				2		1		0.11		19.68		19.79
643				2		2		0.11		19.68		19.79
642				2		1		0.11		19.79		19.9
641				2		2		0.11		19.79		19.9
640				2		1		0.11		19.9		20.01
639				2		2		0.11		19.9		20.01
638				2		1		0.11		20.01		20.12
637				2		2		0.11		20.01		20.12
636				2		1		0.11		20.12		20.23
635				2		2		0.11		20.12		20.23
634				2		1		0.11		20.23		20.34
633				2		2		0.11		20.23		20.34
632				2		1		0.11		20.34		20.45
631				2		2		0.11		20.34		20.45
630				2		1		0.11		20.45		20.56
629				2		2		0.11		20.45		20.56
628				2		1		0.11		20.56		20.67
627				2		2		0.11		20.56		20.67
626				2		1		0.11		20.67		20.78
625				2		2		0.11		20.67		20.78
624				2		1		0.11		20.78		20.89
623				2		2		0.11		20.78		20.89
622				2		1		0.11		20.89		21
621				2		2		0.11		20.89		21
620				2		1		0.11		21		21.11
619				2		2		0.11		21		21.11
618				2		1		0.11		21.11		21.22
617				2		2		0.11		21.11		21.22
616				2		1		0.11		21.22		21.33
615				2		2		0.11		21.22		21.33
614				2		1		0.11		21.33		21.44
613				2		2		0.11		21.33		21.44
612				2		1		0.11		21.44		21.55
611				2		2		0.11		21.44		21.55
610				2		1		0.11		21.55		21.66
609				2		2		0.11		21.55		21.66
608				2		1		0.11		21.66		21.77
607				2		2		0.11		21.66		21.77
606				2		1		0.11		21.77		21.88
605				2		2		0.11		21.77		21.88
604				2		1		0.11		21.88		21.99
603				2		2		0.11		21.88		21.99
602				2		1		0.11		21.99		22.1
601				2		2		0.11		21.99		22.1
600				2		1		0.11		22.1		22.21
599				2		2		0.11		22.1		22.21
598				2		1		0.11		22.21		22.32
597				2		2		0.11		22.21		22.32
596				2		1		0.11		22.32		22.43
595				2		2		0.11		22.32		22.43
594				2		1		0.11		22.43		22.54
593				2		2		0.11		22.43		22.54
592				2		1		0.11		22.54		22.65
591				2		2		0.11		22.54		22.65
590				2		1		0.11		22.65		22.76
589				2		2		0.11		22.65		22.76
588				2		1		0.11		22.76		22.87
587				2		2		0.11		22.76		22.87
586				2		1		0.11		22.87		22.98
585				2		2		0.11		22.87		22.98
584				2		1		0.11		22.98		23.09
583				2		2		0.11		22.98		23.09
582				2		1		0.11		23.09		23.2
581				2		2		0.11		23.09		23.2
580				2		1		0.11		23.2		23.31
579				2		2		0.11		23.2		23.31
578				2		1		0.11		23.31		23.42
577				2		2		0.11		23.31		23.42
576				2		1		0.11		23.42		23.53
575				2		2		0.11		23.42		23.53
574				2		1		0.11		23.53		23.64
573				2		2		0.11		23.53		23.64
572				2		1		0.11		23.64		23.75
571				2		2		0.11		23.64		23.75
570				2		1		0.11		23.75		23.86
569				2		2		0.11		23.75		23.86
568				2		1		0.11		23.86		23.97
567				2		2		0.11		23.86		23.97
566				2		1		0.11		23.97		24.08
565				2		2		0.11		23.97		24.08
564				2		1		0.11		24.08		24.19
563				2		2		0.11		24.08		24.19
562				2		1		0.11		24.19		24.3
561				2		2		0.11		24.19		24.3
560				2		1		0.11		24.3		24.41
559				2		2		0.11		24.3		24.41
558				2		1		0.11		24.41		24.52
557				2		2		0.11		24.41		24.52
556				2		1		0.11		24.52		24.63
555				2		2		0.11		24.52		24.63
554				2		1		0.11		24.63		24.74
553				2		2		0.11		24.63		24.74
552				2		1		0.11		24.74		24.85
551				2		2		0.11		24.74		24.85
550				2		1		0.11		24.85		24.96
549				2		2		0.11		24.85		24.96
548				2		1		0.11		24.96		25.07
547				2		2		0.11		24.96		25.07
546				2		1		0.11		25.07		25.18
545				2		2		0.11		25.07		25.18
544				2		1		0.11		25.18		25.29
543				2		2		0.11		25.18		25.29
542				2		1		0.11		25.29		25.4
541				2		2		0.11		25.29		25.4
540				2		1		0.11		25.4		25.51
539				2		2		0.11		25.4		25.51
538				2		1		0.11		25.51		25.62
537				2		2		0.11		25.51		25.62
536				2		1		0.11		25.62		25.73
535				2		2		0.11		25.62		25.73
534				2		1		0.11		25.73		25.84
533				2		2		0.11		25.73		25.84
532				2		1		0.11		25.84		25.95
531				2		2		0.11		25.84		25.95
530				2		1		0.11		25.95		26.06
529				2		2		0.11		25.95		26.06
528				2		1		0.11		26.06		26.17
527				2		2		0.11		26.06		26.17
526				2		1		0.11		26.17		26.28
525				2		2		0.11		26.17		26.28
524				2		1		0.11		26.28		26.39
523				2		2		0.11		26.28		26.39
522				2		1		0.11		26.39		26.5
521				2		2		0.11		26.39		26.5
520				2		1		0.11		26.5		26.61
519				2		2		0.11		26.5		26.61
518				2		1		0.11		26.61		26.72
517				2		2		0.11		26.61		26.72
516				2		1		0.11		26.72		26.83
515				2		2		0.11		26.72		26.83
514				2		1		0.11		26.83		26.94
513				2		2		0.11		26.83		26.94
512				2		1		0.11		26.94		27.05
511				2		2		0.11		26.94		27.05
510				2		1		0.11		27.05		27.16
509				2		2		0.11		27.05		27.16
508				2		1		0.11		27.16		27.27
507				2		2		0.11		27.16		27.27
506				2		1		0.11		27.27		27.38
505				2		2		0.11		27.27		27.38
504				2		1		0.11		27.38		27.49
503				2		2		0.11		27.38		27.49
502				2		1		0.11		27.49		27.6
501				2		2		0.11		27.49		27.6
500				2		1		0.11		27.6		27.71
499				2		2		0.11		27.6		27.71
498				2		1		0.11		27.71		27.82
497				2		2		0.11		27.71		27.82
496				2		1		0.11		27.82		27.93
495				2		2		0.11		27.82		27.93
494				2		1		0.11		27.93		28.04
493				2		2		0.11		27.93		28.04
492				2		1		0.11		28.04		28.15
491				2		2		0.11		28.04		28.15
490				2		1		0.11		28.15		28.26
489				2		2		0.11		28.15		28.26
488				2		1		0.11		28.26		28.37
487				2		2		0.11		28.26		28.37
486				2		1		0.11		28.37		28.48
485				2		2		0.11		28.37		28.48
484				2		1		0.11		28.48		28.59
483				2		2		0.11		28.48		28.59
482				2		1		0.11		28.59		28.7
481				2		2		0.11		28.59		28.7
480				2		1		0.11		28.7		28.81
479				2		2		0.11		28.7		28.81
478				2		1		0.11		28.81		28.92
477				2		2		0.11		28.81		28.92
476				2		1		0.11		28.92		29.03
475				2		2		0.11		28.92		29.03
474				2		1		0.11		29.03		29.14
473				2		2		0.11		29.03		29.14
472				2		1		0.11		29.14		29.25
471				2		2		0.11		29.14		29.25
470				2		1		0.11		29.25		29.36
469				2		2		0.11		29.25		29.36
468				2		1		0.11		29.36		29.47
467				2		2		0.11		29.36		29.47
466				2		1		0.11		29.47		29.58
465				2		2		0.11		29.47		29.58
464				2		1		0.11		29.58		29.69
463				2		2		0.11		29.58		29.69
462				2		1		0.11		29.69		29.8
461				2		2		0.11		29.69		29.8
460				2		1		0.11		29.8		29.91
459				2		2		0.11		29.8		29.91
458				2		1		0.11		29.91		30.02
457				2		2		0.11		29.91		30.02
456				2		1		0.11		30.02		30.13
455				2		2		0.11		30.02		30.13
454				2		1		0.11		30.13		30.24
453				2		2		0.11		30.13		30.24
452				2		1		0.11		30.24		30.35
451				2		2		0.11		30.24		30.35
450				2		1		0.11		30.35		30.46
449				2		2		0.11		30.35		30.46
448				2		1		0.11		30.46		30.57
447				2		2		0.11		30.46		30.57
446				2		1		0.11		30.57		30.68
445				2		2		0.11		30.57		30.68
444				2		1		0.11		30.68		30.79
443				2		2		0.11		30.68		30.79
442				2		1		0.11		30.79		30.9
441				2		2		0.11		30.79		30.9
440				2		1		0.11		30.9		31.01
439				2		2		0.11		30.9		31.01
438				2		1		0.11		31.01		31.12
437				2		2		0.11		31.01		31.12
436				2		1		0.11		31.12		31.23
435				2		2		0.11		31.12		31.23
434				2		1		0.11		31.23		31.34
433				2		2		0.11		31.23		31.34
432				2		1		0.11		31.34		31.45
431				2		2		0.11		31.34		31.45
430				2		1		0.11		31.45		31.56
429				2		2		0.11		31.45		31.56
428				2		1		0.11		31.56		31.67
427				2		2		0.11		31.56		31.67
426				2		1		0.11		31.67		31.78
425				2		2		0.11		31.67		31.78
424				2		1		0.11		31.78		31.89
423				2		2		0.11		31.78		31.89
422				2		1		0.11		31.89		32
421				2		2		0.11		31.89		32
420				2		1		0.11		32		32.11
419				2		2		0.11		32		32.11
418				2		1		0.11		32.11		32.22
417				2		2		0.11		32.11		32.22
416				2		1		0.11		32.22		32.33
415				2		2		0.11		32.22		32.33
414				2		1		0.11		32.33		32.44
413				2		2		0.11		32.33		32.44
412				2		1		0.11		32.44		32.55
411				2		2		0.11		32.44		32.55
410				2		1		0.11		32.55		32.66
409				2		2		0.11		32.55		32.66
408				2		1		0.11		32.66		32.77
407				2		2		0.11		32.66		32.77
406				2		1		0.11		32.77		32.88
405				2		2		0.11		32.77		32.88
404				2		1		0.11		32.88		32.99
403				2		2		0.11		32.88		32.99
402				2		1		0.11		32.99		33.1
401				2		2		0.11		32.99		33.1
400				2		1		0.11		33.1		33.21
399				2		2		0.11		33.1		33.21
398				2		1		0.11		33.21		33.32
397				2		2		0.11		33.21		33.32
396				2		1		0.11		33.32		33.43
395				2		2		0.11		33.32		33.43
394				2		1		0.11		33.43		33.54
393				2		2		0.11		33.43		33.54
392				2		1		0.11		33.54		33.65
391				2		2		0.11		33.54		33.65
390				2		1		0.11		33.65		33.76
389				2		2		0.11		33.65		33.76
388				2		1		0.11		33.76		33.87
387				2		2		0.11		33.76		33.87
386				2		1		0.11		33.87		33.98
385				2		2		0.11		33.87		33.98
384				2		1		0.11		33.98		34.09
383				2		2		0.11		33.98		34.09
382				2		1		0.11		34.09		34.2
381				2		2		0.11		34.09		34.2
380				2		1		0.11		34.2		34.31
379				2		2		0.11		34.2		34.31
378				2		1		0.11		34.31		34.42
377				2		2		0.11		34.31		34.42
376				2		1		0.11		34.42		34.53
375				2		2		0.11		34.42		34.53
374				2		1		0.11		34.53		34.64
373				2		2		0.11		34.53		34.64
372				2		1		0.11		34.64		34.75
371				2		2		0.11		34.64		34.75
370				2		1		0.11		34.75		34.86
369				2		2		0.11		34.75		34.86
368				2		1		0.11		34.86		34.97
367				2		2		0.11		34.86		34.97
366				2		1		0.11		34.97		35.08
365				2		2		0.11		34.97		35.08
364				2		1		0.11		35.08		35.19
363				2		2		0.11		35.08		35.19
362				2		1		0.11		35.19		35.3
361				2		2		0.11		35.19		35.3
360				2		1		0.11		35.3		35.41
359				2		2		0.11		35.3		35.41
358				2		1		0.11		35.41		35.52
357				2		2		0.11		35.41		35.52
356				2		1		0.11		35.52		35.63
355				2		2		0.11		35.52		35.63
354				2		1		0.11		35.63		35.74
353				2		2		0.11		35.63		35.74
352				2		1		0.11		35.74		35.85
351				2		2		0.11		35.74		35.85
350				2		1		0.11		35.85		35.96
349				2		2		0.11		35.85		35.96
348				2		1		0.11		35.96		36.07
347				2		2		0.11		35.96		36.07
346				2		1		0.11		36.07		36.18
345				2		2		0.11		36.07		36.18
344				2		1		0.11		36.18		36.29
343				2		2		0.11		36.18		36.29
342				2		1		0.11		36.29		36.4
341				2		2		0.11		36.29		36.4
340				2		1		0.11		36.4		36.51
339				2		2		0.11		36.4		36.51
338				2		1		0.11		36.51		36.62
337				2		2		0.11		36.51		36.62
336				2		1		0.11		36.62		36.73
335				2		2		0.11		36.62		36.73
334				2		1		0.11		36.73		36.84
333				2		2		0.11		36.73		36.84
332				2		1		0.11		36.84		36.95
331				2		2		0.11		36.84		36.95
330				2		1		0.11		36.95		37.06
329				2		2		0.11		36.95		37.06
328				2		1		0.11		37.06		37.17
327				2		2		0.11		37.06		37.17
326				2		1		0.11		37.17		37.28
325				2		2		0.11		37.17		37.28
324				2		1		0.11		37.28		37.39
323				2		2		0.11		37.28		37.39
322				2		1		0.11		37.39		37.5
321				2		2		0.11		37.39		37.5
320				2		1		0.11		37.5		37.61
319				2		2		0.11		37.5		37.61
318				2		1		0.11		37.61		37.72
317				2		2		0.11		37.61		37.72
316				2		1		0.11		37.72		37.83
315				2		2		0.11		37.72		37.83
314				2		1		0.11		37.83		37.94
313				2		2		0.11		37.83		37.94
312				2		1		0.11		37.94		38.05
311				2		2		0.11		37.94		38.05
310				2		1		0.11		38.05		38.16
309				2		2		0.11		38.05		38.16
308				2		1		0.11		38.16		38.27
307				2		2		0.11		38.16		38.27
306				2		1		0.11		38.27		38.38
305				2		2		0.11		38.27		38.38
304				2		1		0.11		38.38		38.49
303				2		2		0.11		38.38		38.49
302				2		1		0.11		38.49		38.6
301				2		2		0.11		38.49		38.6
300				2		1		0.11		38.6		38.71
299				2		2		0.11		38.6		38.71
298				2		1		0.11		38.71		38.82
297				2		2		0.11		38.71		38.82
296				2		1		0.11		38.82		38.93
295				2		2		0.11		38.82		38.93
294				2		1		0.11		38.93		39.04
293				2		2		0.11		38.93		39.04
292				2		1		0.11		39.04		39.15
291				2		2		0.11		39.04		39.15
290				2		1		0.11		39.15		39.26
289				2		2		0.11		39.15		39.26
288				2		1		0.11		39.26		39.37
287				2		2		0.11		39.26		39.37
286				2		1		0.11		39.37		39.48
285				2		2		0.11		39.37		39.48
284				2		1		0.11		39.48		39.59
283				2		2		0.11		39.48		39.59
282				2		1		0.11		39.59		39.7
281				2		2		0.11		39.59		39.7
280				2		1		0.11		39.7		39.81
279				2		2		0.11		39.7		39.81
278				2		1		0.11		39.81		39.92
277				2		2		0.11		39.81		39.92
276				2		1		0.11		39.92		40.03
275				2		2		0.11		39.92		40.03
274				2		1		0.11		40.03		40.14
273				2		2		0.11		40.03		40.14
272				2		1		0.11		40.14		40.25
271				2		2		0.11		40.14		40.25
270				2		1		0.11		40.25		40.36
269				2		2		0.11		40.25		40.36
268				2		1		0.11		40.36		40.47
267				2		2		0.11		40.36		40.47
266				2		1		0.11		40.47		40.58
265				2		2		0.11		40.47		40.58
264				2		1		0.11		40.58		40.69
263				2		2		0.11		40.58		40.69
262				2		1		0.11		40.69		40.8
261				2		2		0.11		40.69		40.8
260				2		1		0.11		40.8		40.91
259				2		2		0.11		40.8		40.91
258				2		1		0.11		40.91		41.02
257				2		2		0.11		40.91		41.02
256				2		1		0.11		41.02		41.13
255				2		2		0.11		41.02		41.13
254				2		1		0.11		41.13		41.24
253				2		2		0.11		41.13		41.24
252				2		1		0.11		41.24		41.35
251				2		2		0.11		41.24		41.35
250				2		1		0.11		41.35		41.46
249				2		2		0.11		41.35		41.46
248				2		1		0.11		41.46		41.57
247				2		2		0.11		41.46		41.57
246				2		1		0.11		41.57		41.68
245				2		2		0.11		41.57		41.68
244				2		1		0.11		41.68		41.79
243				2		2		0.11		41.68		41.79
242				2		1		0.11		41.79		41.9
241				2		2		0.11		41.79		41.9
240				2		1		0.11		41.9		42.01
239				2		2		0.11		41.9		42.01
238				2		1		0.11		42.01		42.12
237				2		2		0.11		42.01		42.12
236				2		1		0.11		42.12		42.23
235				2		2		0.11		42.12		42.23
234				2		1		0.11		42.23		42.34
233				2		2		0.11		42.23		42.34
232				2		1		0.11		42.34		42.45
231				2		2		0.11		42.34		42.45
230				2		1		0.11		42.45		42.56
229				2		2		0.11		42.45		42.56
228				2		1		0.11		42.56		42.67
227				2		2		0.11		42.56		42.67
226				2		1		0.11		42.67		42.78
225				2		2		0.11		42.67		42.78
224				2		1		0.11		42.78		42.89
223				2		2		0.11		42.78		42.89
222				2		1		0.11		42.89		43
221				2		2		0.11		42.89		43
220				2		1		0.11		43		43.11
219				2		2		0.11		43		43.11
218				2		1		0.11		43.11		43.22
217				2		2		0.11		43.11		43.22
216				2		1		0.11		43.22		43.33
215				2		2		0.11		43.22		43.33
214				2		1		0.11		43.33		43.44
213				2		2		0.11		43.33		43.44
212				2		1		0.11		43.44		43.55
211				2		2		0.11		43.44		43.55
210				2		1		0.11		43.55		43.66
209				2		2		0.11		43.55		43.66
208				2		1		0.11		43.66		43.77
207				2		2		0.11		43.66		43.77
206				2		1		0.11		43.77		43.88
205				2		2		0.11		43.77		43.88
204				2		1		0.11		43.88		43.99
203				2		2		0.11		43.88		43.99
202				2		1		0.11		43.99		44.1
201				2		2		0.11		43.99		44.1
200				2		1		0.11		44.1		44.21
199				2		2		0.11		44.1		44.21
198				2		1		0.11		44.21		44.32
197				2		2		0.11		44.21		44.32
196				2		1		0.11		44.32		44.43
195				2		2		0.11		44.32		44.43
194				2		1		0.11		44.43		44.54
193				2		2		0.11		44.43		44.54
192				2		1		0.11		44.54		44.65
191				2		2		0.11		44.54		44.65
190				2		1		0.11		44.65		44.76
189				2		2		0.11		44.65		44.76
188				2		1		0.11		44.76		44.87
187				2		2		0.11		44.76		44.87
186				2		1		0.11		44.87		44.98
185				2		2		0.11		44.87		44.98
184				2		1		0.11		44.98		45.09
183				2		2		0.11		44.98		45.09
182				2		1		0.11		45.09		45.2
181				2		2		0.11		45.09		45.2
180				2		1		0.11		45.2		45.31
179				2		2		0.11		45.2		45.31
178				2		1		0.11		45.31		45.42
177				2		2		0.11		45.31		45.42
176				2		1		0.11		45.42		45.53
175				2		2		0.11		45.42		45.53
174				2		1		0.11		45.53		45.64
173				2		2		0.11		45.53		45.64
172				2		1		0.11		45.64		45.75
171				2		2		0.11		45.64		45.75
170				2		1		0.11		45.75		45.86
169				2		2		0.11		45.75		45.86
168				2		1		0.11		45.86		45.97
167				2		2		0.11		45.86		45.97
166				2		1		0.11		45.97		46.08
165				2		2		0.11		45.97		46.08
164				2		1		0.11		46.08		46.19
163				2		2		0.11		46.08		46.19
162				2		1		0.11		46.19		46.3
161				2		2		0.11		46.19		46.3
160				2		1		0.11		46.3		46.41
159				2		2		0.11		46.3		46.41
158				2		1		0.11		46.41		46.52
157				2		2		0.11		46.41		46.52
156				2		1		0.11		46.52		46.63
155				2		2		0.11		46.52		46.63
154				2		1		0.11		46.63		46.74
153				2		2		0.11		46.63		46.74
152				2		1		0.11		46.74		46.85
151				2		2		0.11		46.74		46.85
150				2		1		0.11		46.85		46.96
149				2		2		0.11		46.85		46.96
148				2		1		0.11		46.96		47.07
147				2		2		0.11		46.96		47.07
146				2		1		0.11		47.07		47.18
145				2		2		0.11		47.07		47.18
144				2		1		0.11		47.18		47.29
143				2		2		0.11		47.18		47.29
142				2		1		0.11		47.29		47.4
141				2		2		0.11		47.29		47.4
140				2		1		0.11		47.4		47.51
139				2		2		0.11		47.4		47.51
138				2		1		0.11		47.51		47.62
137				2		2		0.11		47.51		47.62
136				2		1		0.11		47.62		47.73
135				2		2		0.11		47.62		47.73
134				2		1		0.11		47.73		47.84
133				2		2		0.11		47.73		47.84
132				2		1		0.11		47.84		47.95
131				2		2		0.11		47.84		47.95
130				2		1		0.11		47.95		48.06
129				2		2		0.11		47.95		48.06
128				2		1		0.11		48.06		48.17
127				2		2		0.11		48.06		48.17
126				2		1		0.11		48.17		48.28
125				2		2		0.11		48.17		48.28
124				2		1		0.11		48.28		48.39
123				2		2		0.11		48.28		48.39
122				2		1		0.11		48.39		48.5
121				2		2		0.11		48.39		48.5
120				2		1		0.11		48.5		48.61
119				2		2		0.11		48.5		48.61
118				2		1		0.11		48.61		48.72
117				2		2		0.11		48.61		48.72
116				2		1		0.11		48.72		48.83
115				2		2		0.11		48.72		48.83
114				2		1		0.11		48.83		48.94
113				2		2		0.11		48.83		48.94
112				2		1		0.11		48.94		49.05
111				2		2		0.11		48.94		49.05
110				2		1		0.11		49.05		49.16
109				2		2		0.11		49.05		49.16
108				2		1		0.11		49.16		49.27
107				2		2		0.11		49.16		49.27
106				2		1		0.11		49.27		49.38
105				2		2		0.11		49.27		49.38
104				2		1		0.11		49.38		49.49
103				2		2		0.11		49.38		49.49
102				2		1		0.11		49.49		49.6
101				2		2		0.11		49.49		49.6
100				2		1		0.11		49.6		49.71
99				2		2		0.11		49.6		49.71
98				2		1		0.11		49.71		49.82
97				2		2		0.11		49.71		49.82
96				2		1		0.11		49.82		49.93
95				2		2		0.11		49.82		49.93
94				2		1		0.11		49.93		50.04
93				2		2		0.11		49.93		50.04
92				2		1		0.11		50.04		50.15
91				2		2		0.11		50.04		50.15
90				2		1		0.11		50.15		50.26
89				2		2		0.11		50.15		50.26
88				2		1		0.11		50.26		50.37
87				2		2		0.11		50.26		50.37
86				2		1		0.11		50.37		50.48
85				2		2		0.11		50.37		50.48
84				2		1		0.11		50.48		50.59
83				2		2		0.11		50.48		50.59
82				2		1		0.11		50.59		50.7
81				2		2		0.11		50.59		50.7
80				2		1		0.11		50.7		50.81
79				2		2		0.11		50.7		50.81
78				2		1		0.11		50.81		50.92
77				2		2		0.11		50.81		50.92
76				2		1		0.11		50.92		51.03
75				2		2		0.11		50.92		51.03
74				2		1		0.11		51.03		51.14
73				2		2		0.11		51.03		51.14
72				2		1		0.11		51.14		51.25
71				2		2		0.11		51.14		51.25
70				2		1		0.11		51.25		51.36
69				2		2		0.11		51.25		51.36
68				2		1		0.11		51.36		51.47
67				2		2		0.11		51.36		51.47
66				2		1		0.11		51.47		51.58
65				2		2		0.11		51.47		51.58
64				2		1		0.11		51.58		51.69
63				2		2		0.11		51.58		51.69
62				2		1		0.11		51.69		51.8
61				2		2		0.11		51.69		51.8
60				2		1		0.11		51.8		51.91
59				2		2		0.11		51.8		51.91
58				2		1		0.11		51.91		52.02
57				2		2		0.11		51.91		52.02
56				2		1		0.11		52.02		52.13
55				2		2		0.11		52.02		52.13
54				2		1		0.11		52.13		52.24
53				2		2		0.11		52.13		52.24
52				2		1		0.11		52.24		52.35
51				2		2		0.11		52.24		52.35
50				2		1		0.11		52.35		52.46
49				2		2		0.11		52.35		52.46
48				2		1		0.11		52.46		52.57
47				2		2		0.11		52.46		52.57
46				2		1		0.11		52.57		52.68
45				2		2		0.11		52.57		52.68
44				2		1		0.11		52.68		52.79
43				2		2		0.11		52.68		52.79
42				2		1		0.11		52.79		52.9
41				2		2		0.11		52.79		52.9
40				2		1		0.11		52.9		53.01
39				2		2		0.11		52.9		53.01
38				2		1		0.11		53.01		53.12
37				2		2		0.11		53.01		53.12
36				2		1		0.11		53.12		53.23
35				2		2		0.11		53.12		53.23
34				2		1		0.11		53.23		53.34
33				2		2		0.11		53.23		53.34
32				2		1		0.11		53.34		53.45
31				2		2		0.11		53.34		53.45
30				2		1		0.11		53.45		53.56
29				2		2		0.11		53.45		53.56
28				2		1		0.11		53.56		53.67
27				2		2		0.11		53.56		53.67
26				2		1		0.11		53.67		53.78
25				2		2		0.11		53.67		53.78
24				2		1		0.11		53.78		53.89
23				2		2		0.11		53.78		53.89
22				2		1		0.11		53.89		54
21				2		2		0.11		53.89		54
20				2		1		0.11		54		54.11
19				2		2		0.11		54		54.11
18				2		1		0.11		54.11		54.22
17				2		2		0.11		54.11		54.22
16				2		1		0.11		54.22		54.33
15				2		2		0.11		54.22		54.33
14				2		1		0.11		54.33		54.44
13				2		2		0.11		54.33		54.44
12				2		1		0.11		54.44		54.55
11				2		2		0.11		54.44		54.55
10				2		1		0.11		54.55		54.66
9				2		2		0.11		54.55		54.66
8				2		1		0.11		54.66		54.77
7				2		2		0.11		54.66		54.77
6				2		1		0.11		54.77		54.88
5				2		2		0.11		54.77		54.88
4				2		1		0.11		54.88		54.99
3				2		2		0.11		54.88		54.99
2				2		1		0.11		54.99		55.1
1				2		2		0.11		54.99		55.1
